branchFactor, leafSize, nodeIntersections, shadowNodeIntersections, allNodeIntersections, leafIntersections, shadowLeafIntersections, allLeafIntersections, leafFullness

2, 1, 1.0, 1.0, 2.0, 0.2726231731667521, 0.2521072191848934, 0.5247303923516455, 1.0
2, 2, 0.8935540914395665, 0.9017683230783373, 1.7953224145179039, 0.15611798476368416, 0.2686609693613651, 0.42477895412504924, 0.9949792500000001
2, 3, 0.8358004524080999, 0.8555078346136343, 1.6913082870217342, 0.22966531573776333, 0.41874769527209754, 0.6484130110098609, 0.9910360833333333
2, 4, 0.7972153980617885, 0.8162797413749545, 1.613495139436743, 0.17035856568114843, 0.3618252184803523, 0.5321837841615007, 0.987947375
2, 5, 0.7810341232450049, 0.7823289549586531, 1.563363078203658, 0.19196462319696372, 0.3937471488496379, 0.5857117720466016, 0.9864393499999999
2, 6, 0.7528039342710573, 0.7597380048138647, 1.512541939084922, 0.14365440691418818, 0.349100444599391, 0.4927548515135792, 0.9853807916666667
2, 7, 0.7262880395001093, 0.7329459397708109, 1.4592339792709201, 0.14252558908943433, 0.3509265799858695, 0.49345216907530387, 0.985355357142857
2, 8, 0.7213946523864337, 0.7215573376068425, 1.4429519899932761, 0.1345944958018022, 0.3306240036381603, 0.4652184994399625, 0.9870834062499999
2, 9, 0.7001204041531827, 0.703014453989633, 1.4031348581428156, 0.13073073188559628, 0.36390872895071624, 0.4946394608363125, 0.9864999722222223
2, 10, 0.6927486475704865, 0.685065029569344, 1.3778136771398306, 0.10522086762577604, 0.29241208704447186, 0.3976329546702479, 0.9864728
2, 11, 0.6792973103425445, 0.6827161955502485, 1.3620135058927931, 0.1033370660864022, 0.33387748699991326, 0.43721455308631546, 0.9885276818181818
2, 12, 0.6663850745041828, 0.6614825697622578, 1.3278676442664405, 0.11129171098096388, 0.2914003249740841, 0.402692035955048, 0.9877721875
2, 13, 0.6594620296885715, 0.6663492913516065, 1.3258113210401778, 0.09972268142474364, 0.30728237537120645, 0.4070050567959501, 0.9860212692307693
2, 14, 0.6581792194794011, 0.6575099209780992, 1.3156891404575002, 0.0902832819699331, 0.29901953585185836, 0.38930281782179144, 0.9822368928571428
2, 15, 0.6373392698152611, 0.6409589546206248, 1.2782982244358858, 0.11766136031326349, 0.35077527758195076, 0.4684366378952143, 0.9864148666666666
2, 16, 0.6369480645247815, 0.6349729839284295, 1.271921048453211, 0.08677586452868238, 0.28726347262233204, 0.37403933715101445, 0.9803748124999999

3, 1, 0.5299067060169174, 0.5626239908635875, 1.0925306968805049, 0.30014518598582385, 0.2540322969842026, 0.5541774829700264, 1.0
3, 2, 0.4505618769112188, 0.490144625209943, 0.9407065021211618, 0.245736333797021, 0.27488455274716384, 0.5206208865441848, 0.994547125
3, 3, 0.41282974325257665, 0.4659546777082268, 0.8787844209608034, 0.3444143816609458, 0.44021115996450905, 0.7846255416254548, 0.9909183333333333
3, 4, 0.3802237739321544, 0.4335613490767635, 0.8137851230089179, 0.2762301556668996, 0.3445471321343816, 0.6207772878012812, 0.98297675
3, 5, 0.35914878475546824, 0.4209492966353817, 0.78009808139085, 0.3196794940969594, 0.4640039795427344, 0.7836834736396938, 0.9612652
3, 6, 0.35082267455113325, 0.4016602502139982, 0.7524829247651315, 0.24959216231528464, 0.37164311200407496, 0.6212352743193597, 0.9862307083333334
3, 7, 0.3321929679090212, 0.39352367571903557, 0.7257166436280568, 0.2831888665934317, 0.4350077533811975, 0.7181966199746292, 0.95445925
3, 8, 0.3187076331163833, 0.3763898961855739, 0.6950975293019572, 0.26120457884879855, 0.35269353738050374, 0.6138981162293022, 0.9774056562500001
3, 9, 0.3149424325124698, 0.3653228573607536, 0.6802652898732233, 0.28096242601592725, 0.4136960882889741, 0.6946585143049013, 0.9564733888888889
3, 10, 0.30616633094814205, 0.35900299351994713, 0.6651693244680892, 0.25377086462941567, 0.3600017776519759, 0.6137726422813916, 0.9540535
3, 11, 0.2887606597641822, 0.348546017961782, 0.6373066777259642, 0.24642039246859984, 0.3724241889881045, 0.6188445814567043, 0.9683785454545454
3, 12, 0.28577549743487507, 0.34451888755325233, 0.6302943849881274, 0.22927777308398986, 0.3761734103391388, 0.6054511834231286, 0.95522475
3, 13, 0.2680378408945029, 0.33720203623778033, 0.6052398771322832, 0.2474564811486618, 0.3968669167982229, 0.6443233979468848, 0.9741585769230768
3, 14, 0.27378567755021355, 0.3256432871285123, 0.5994289646787259, 0.22508534027204188, 0.3802166402528842, 0.6053019805249261, 0.9455301607142858
3, 15, 0.25475096228790245, 0.3257094668510008, 0.5804604291389033, 0.2588403840953524, 0.4405471079920861, 0.6993874920874386, 0.9725003000000001
3, 16, 0.25933004706961893, 0.3210684927856634, 0.5803985398552823, 0.24519671276270721, 0.3930513362063257, 0.638248048969033, 0.974326765625

4, 1, 0.3400670792146514, 0.400793107201305, 0.7408601864159564, 0.31690180544558133, 0.21711550314756906, 0.5340173085931503, 1.0
4, 2, 0.2800113235722222, 0.352377415859264, 0.6323887394314862, 0.21722374600597677, 0.2507827462714731, 0.4680064922774499, 0.99436225
4, 3, 0.25033764835577754, 0.3242940592768273, 0.5746317076326048, 0.38855559636102277, 0.44963146562454126, 0.838187061985564, 0.9904025
4, 4, 0.223523312674252, 0.30359144114051917, 0.5271147538147711, 0.25960799688707276, 0.33031021681338846, 0.5899182137004613, 0.983601875
4, 5, 0.20272707742982615, 0.284359064820735, 0.4870861422505611, 0.31850642502598814, 0.45639905471590125, 0.7749054797418894, 0.97594745
4, 6, 0.19632334751983058, 0.2763372840407539, 0.47266063156058447, 0.30476620427176737, 0.3941415236359195, 0.6989077279076868, 0.9833380416666666
4, 7, 0.18340437209102803, 0.2663230527723064, 0.4497274248633344, 0.29473793113547664, 0.4350447391947362, 0.7297826703302128, 0.9709222857142856
4, 8, 0.1732353736691603, 0.25355093743229556, 0.4267863111014559, 0.24536266390093814, 0.3363809916904785, 0.5817436555914166, 0.974766625
4, 9, 0.16589689578372285, 0.24965826010148492, 0.41555515588520775, 0.2990584942617278, 0.40707987182305955, 0.7061383660847873, 0.9758079166666667
4, 10, 0.15533990055328561, 0.2402218765582274, 0.395561777111513, 0.2550549700929771, 0.3609519720791021, 0.6160069421720793, 0.9767049999999999
4, 11, 0.1403910445547336, 0.2263473868952854, 0.36673843145001905, 0.2602786395007617, 0.40481900726424014, 0.6650976467650018, 0.9676025454545454
4, 12, 0.13383353255430808, 0.2234979643717711, 0.3573314969260792, 0.2526457046402373, 0.3664125626310271, 0.6190582672712643, 0.9786088958333334
4, 13, 0.13751704693558447, 0.22079049661012987, 0.35830754354571437, 0.2479348487885082, 0.36775098570853293, 0.6156858344970411, 0.9786287884615384
4, 14, 0.13456045482337026, 0.21837944630694098, 0.35293990113031126, 0.2616978136231713, 0.3766973481039158, 0.6383951617270871, 0.9628234464285714
4, 15, 0.1286611086752557, 0.21316300908317193, 0.34182411775842764, 0.2619742506421038, 0.38766615344926864, 0.6496404040913724, 0.9807687833333333
4, 16, 0.1155766133800388, 0.20627462140565528, 0.3218512347856941, 0.2629153891628989, 0.3346570240723603, 0.5975724132352592, 0.9835451875000001

5, 1, 0.2853809845217106, 0.3305187270390027, 0.6158997115607133, 0.3224961072185978, 0.21087511253041724, 0.533371219749015, 1.0
5, 2, 0.2210048359822488, 0.27984326146938493, 0.5008480974516337, 0.2597821898322068, 0.2652150332755379, 0.5249972231077447, 0.99429525
5, 3, 0.19550310248771516, 0.26204736865331735, 0.45755047114103253, 0.3838784057191495, 0.4784231329668632, 0.8623015386860127, 0.9903434166666666
5, 4, 0.17613546047327988, 0.23728750907548035, 0.41342296954876023, 0.2940159841597446, 0.37510350511190754, 0.6691194892716521, 0.9852089374999999
5, 5, 0.15606397212133039, 0.22061243592140167, 0.37667640804273206, 0.4030961069721046, 0.48543275961403887, 0.8885288665861435, 0.98567855
5, 6, 0.1436159414259888, 0.20724483444668124, 0.35086077587267006, 0.3262301265580623, 0.43088855833210815, 0.7571186848901705, 0.9845955416666666
5, 7, 0.1267959699903694, 0.19919896273783003, 0.32599493272819946, 0.35802366660312823, 0.4943848186763104, 0.8524084852794387, 0.983167857142857
5, 8, 0.12519876279583503, 0.1917028419529761, 0.3169016047488111, 0.31379229577206696, 0.40371612570907267, 0.7175084214811396, 0.97766390625
5, 9, 0.125220678756876, 0.1927431657954245, 0.31796384455230053, 0.39787445498653495, 0.4664989494992705, 0.8643734044858055, 0.9799424444444444
5, 10, 0.10954922095849123, 0.17761503994171, 0.2871642609002012, 0.3614734432168411, 0.46113443763131495, 0.8226078808481561, 0.97912615
5, 11, 0.09663731304709361, 0.16883917067870038, 0.265476483725794, 0.3414502669753035, 0.4353689575568739, 0.7768192245321774, 0.9759554545454545
5, 12, 0.0946599269985959, 0.16516513047492462, 0.2598250574735205, 0.37967153932491216, 0.4605486800557876, 0.8402202193806998, 0.9775537083333333
5, 13, 0.08961188403887695, 0.1597950617079164, 0.24940694574679334, 0.3885278014599227, 0.45565868135514986, 0.8441864828150726, 0.9783817115384614
5, 14, 0.08663415180801558, 0.15778216692480437, 0.24441631873281994, 0.35415986906217634, 0.45547990605749256, 0.8096397751196689, 0.9752843392857143
5, 15, 0.08577606671037435, 0.15549290923229223, 0.24126897594266658, 0.373308123284993, 0.4878389432940543, 0.8611470665790473, 0.9794957666666666
5, 16, 0.072400258417902, 0.14546600337123922, 0.2178662617891412, 0.326901878612074, 0.415090375431228, 0.7419922540433019, 0.9733890624999999

6, 1, 0.25844497296444585, 0.2780603780430605, 0.5365053510075064, 0.3479499699038524, 0.22709792424027234, 0.5750478941441247, 1.0
6, 2, 0.19928590165918328, 0.2316623841559844, 0.43094828581516764, 0.30629825518663484, 0.3351593945261462, 0.6414576497127811, 0.9946945
6, 3, 0.1917158606490262, 0.21545859855892982, 0.40717445920795603, 0.42191945149124266, 0.4815095910870556, 0.9034290425782983, 0.9890759166666667
6, 4, 0.16473233150487346, 0.19177866177229178, 0.35651099327716523, 0.3697184600920572, 0.4045973054964861, 0.7743157655885433, 0.9855300625
6, 5, 0.1532920969863173, 0.18345885875632378, 0.3367509557426411, 0.4307558594250997, 0.4859356795265751, 0.9166915389516748, 0.9832572500000001
6, 6, 0.13557254253631185, 0.1688129153681407, 0.30438545790445254, 0.38162381942227086, 0.4427886779001547, 0.8244124973224256, 0.9837158749999999
6, 7, 0.12396852816402543, 0.1587851198303808, 0.2827536479944062, 0.3685446346277254, 0.4231775554255992, 0.7917221900533247, 0.9809886428571428
6, 8, 0.11405711201698487, 0.15288410758296406, 0.26694121959994893, 0.32949104864156475, 0.374233242325, 0.7037242909665647, 0.980692125
6, 9, 0.10574755360287591, 0.145819891493844, 0.2515674450967199, 0.37487669209221597, 0.45073568055850866, 0.8256123726507246, 0.977655861111111
6, 10, 0.11487827052412611, 0.145585635018164, 0.2604639055422901, 0.4033810839085377, 0.4503182704183035, 0.8536993543268412, 0.9817851499999999
6, 11, 0.08768295904660034, 0.13010177028904046, 0.2177847293356408, 0.38926239719118877, 0.4395780799625681, 0.8288404771537569, 0.979481340909091
6, 12, 0.08301166122147394, 0.12729620448432347, 0.2103078657057974, 0.3898908356276731, 0.48477783120169227, 0.8746686668293654, 0.9829829375000001
6, 13, 0.08506935089627995, 0.12253233965812949, 0.20760169055440944, 0.38990085173846545, 0.43244750360368717, 0.8223483553421527, 0.9798699807692308
6, 14, 0.08283642645867542, 0.12895857011916761, 0.21179499657784304, 0.35398473020890253, 0.45345715055587266, 0.8074418807647752, 0.9777700535714287
6, 15, 0.09292408070400934, 0.12699698488648853, 0.21992106559049787, 0.38644051813183544, 0.5142432200432959, 0.9006837381751314, 0.9704450166666667
6, 16, 0.07214564159706116, 0.11897335826996736, 0.19111899986702852, 0.3021357034457397, 0.39647312977144045, 0.6986088332171801, 0.9745077968750001

7, 1, 0.24332689977774546, 0.24193653882714275, 0.4852634386048882, 0.3666749049368153, 0.21911995176280222, 0.5857948566996175, 1.0
7, 2, 0.1887877799764888, 0.20300489824946877, 0.39179267822595754, 0.33410371517551085, 0.3133675302833553, 0.6474712454588661, 0.994034125
7, 3, 0.17937017067447947, 0.18058167099775188, 0.3599518416722314, 0.4613886920313198, 0.5156327517685041, 0.9770214437998239, 0.9894785833333333
7, 4, 0.1514720974343501, 0.1628779982933058, 0.31435009572765593, 0.40739418153941764, 0.43069736722731056, 0.8380915487667282, 0.9850515624999999
7, 5, 0.14386648049942563, 0.14882470205675763, 0.29269118255618326, 0.49391443790831946, 0.5547229985308211, 1.0486374364391406, 0.9844376499999999
7, 6, 0.12796352717242943, 0.13710162025344647, 0.2650651474258759, 0.4534686548256345, 0.5388305733696487, 0.9922992281952832, 0.9838175416666667
7, 7, 0.10726462338749437, 0.12715883556490168, 0.23442345895239605, 0.48186277912315495, 0.5413807141646699, 1.023243493287825, 0.9832866428571428
7, 8, 0.10513366155434828, 0.12124055004792027, 0.22637421160226856, 0.41282667227568093, 0.4789164228015317, 0.8917430950772126, 0.9814055
7, 9, 0.08781372254088053, 0.11061188613677736, 0.1984256086776579, 0.4435104246971526, 0.5475015712600969, 0.9910119959572495, 0.9814681111111111
7, 10, 0.09953198895262862, 0.10890735251847383, 0.20843934147110244, 0.46000056119914645, 0.5590857965157131, 1.0190863577148597, 0.979749675
7, 11, 0.07482773414168876, 0.09638835163112133, 0.1712160857728101, 0.4773219582755229, 0.5696983568305909, 1.0470203151061137, 0.9805257045454545
7, 12, 0.07106745799601592, 0.09484884112267584, 0.16591629911869177, 0.45464234617227045, 0.5969873019022389, 1.0516296480745093, 0.9819888958333333
7, 13, 0.07023047306144248, 0.08972488661295616, 0.15995535967439864, 0.4675978109206721, 0.5700666182656853, 1.0376644291863575, 0.9795246153846153
7, 14, 0.06931533347353118, 0.09274578052941983, 0.162061114002951, 0.46650887697275, 0.5561273136423652, 1.0226361906151151, 0.9741466964285714
7, 15, 0.08256045853764142, 0.09024162576083432, 0.17280208429847574, 0.4761114021750839, 0.5768581487418091, 1.052969550916893, 0.9721230666666666
7, 16, 0.06101724911502925, 0.08748875492651735, 0.1485060040415466, 0.446095569009876, 0.5413505905247669, 0.9874461595346429, 0.9762221874999999

8, 1, 0.2218089806722776, 0.21865298899826452, 0.44046196967054213, 0.3804011770687349, 0.22090037815976832, 0.6013015552285033, 1.0
8, 2, 0.16688716928725406, 0.17210041556577083, 0.3389875848530249, 0.3808858648978155, 0.32506572467090233, 0.7059515895687178, 0.9935423750000001
8, 3, 0.15409392393353183, 0.15219488254784344, 0.30628880648137524, 0.510856514225617, 0.4932975953921038, 1.004154109617721, 0.98951625
8, 4, 0.12622853979937554, 0.14027500353788397, 0.2665035433372595, 0.47736565202957604, 0.41774133832488786, 0.895106990354464, 0.9853789374999999
8, 5, 0.11826863731130391, 0.12629805922654966, 0.24456669653785357, 0.5706934339868415, 0.5712842030581297, 1.1419776370449712, 0.98500535
8, 6, 0.10366531855708652, 0.11332782291269218, 0.21699314146977872, 0.5554371042600751, 0.5769841016682528, 1.1324212059283278, 0.9852597916666667
8, 7, 0.08962583228166746, 0.10891912723349521, 0.19854495951516266, 0.5220195295738911, 0.54706520179455, 1.069084731368441, 0.9810827857142856
8, 8, 0.07946130538231609, 0.0981029591252954, 0.17756426450761148, 0.483811541624939, 0.49879160478924445, 0.9826031464141834, 0.9819705
8, 9, 0.06512815638826175, 0.09195799279745205, 0.15708614918571379, 0.511221870007932, 0.5670649656414046, 1.0782868356493367, 0.9814898611111111
8, 10, 0.07059506916731628, 0.08860336878315521, 0.1591984379504715, 0.520113235410689, 0.5733050795563966, 1.0934183149670855, 0.9794043499999999
8, 11, 0.05012468882336567, 0.07767783919529331, 0.127802528018659, 0.5627355183184108, 0.6052098826465981, 1.167945400965009, 0.9815857272727273
8, 12, 0.04277025991763083, 0.07352012195788935, 0.11629038187552018, 0.5196915901537991, 0.6099261296675502, 1.1296177198213493, 0.9784670416666666
8, 13, 0.04062282551642298, 0.06541249472596473, 0.10603532024238771, 0.5340700144127116, 0.5782058126441396, 1.1122758270568514, 0.9796706346153847
8, 14, 0.04040750341655132, 0.06962774273570274, 0.11003524615225406, 0.5253443712313682, 0.5642624961285936, 1.089606867359962, 0.9704424285714286
8, 15, 0.0485869804433943, 0.06680456499254261, 0.11539154543593691, 0.49708975675544065, 0.5679031406472288, 1.0649928974026694, 0.976607
8, 16, 0.03774095411389696, 0.06602305431997932, 0.10376400843387629, 0.5053524848281616, 0.5613646908226637, 1.0667171756508254, 0.97446775

9, 1, 0.204412130481754, 0.18703970738122927, 0.39145183786298327, 0.3778382795482488, 0.22146931137450643, 0.5993075909227552, 1.0
9, 2, 0.1560126766163431, 0.1544176844392383, 0.3104303610555814, 0.41653665612308044, 0.3313153366815448, 0.7478519928046252, 0.993592
9, 3, 0.14290150970752233, 0.13685945422829288, 0.2797609639358152, 0.5608313592112182, 0.5272140710461474, 1.0880454302573654, 0.9898954999999999
9, 4, 0.11421956557581239, 0.12042318233026131, 0.2346427479060737, 0.5496056935273356, 0.508469998075809, 1.0580756916031446, 0.9866617500000001
9, 5, 0.10278819788772663, 0.10495472136524944, 0.20774291925297605, 0.6289721161485116, 0.6412612690099577, 1.2702333851584693, 0.98466205
9, 6, 0.07843057664958114, 0.09114217240571515, 0.1695727490552963, 0.6441582540375211, 0.6560814810833236, 1.3002397351208448, 0.9846792083333333
9, 7, 0.07149677035528149, 0.08505841581407037, 0.15655518616935185, 0.6235446142860033, 0.6168932503552819, 1.2404378646412852, 0.9806298571428571
9, 8, 0.0654634111053032, 0.07674248319168142, 0.1422058942969846, 0.6083593824134549, 0.6095041989208968, 1.2178635813343517, 0.98182228125
9, 9, 0.04471909217219676, 0.06795950594753013, 0.11267859811972689, 0.6214578051460589, 0.6567483286023041, 1.278206133748363, 0.9835987777777778
9, 10, 0.05699433675085504, 0.06399854061805504, 0.12099287736891008, 0.6273261801846297, 0.6268515911905785, 1.2541777713752083, 0.9796459
9, 11, 0.035141597704245575, 0.05603128558181636, 0.09117288328606193, 0.6337982978658572, 0.6439976629883067, 1.277795960854164, 0.9815701136363637
9, 12, 0.034455997101667364, 0.054511873663702325, 0.08896787076536969, 0.5956187846588116, 0.6544128264838052, 1.2500316111426168, 0.9777523541666667
9, 13, 0.02869556012546808, 0.04565829195778032, 0.07435385208324839, 0.6094663932291824, 0.6317907738126232, 1.2412571670418056, 0.9797802499999999
9, 14, 0.03520277258992262, 0.05170737474786655, 0.08691014733778916, 0.610278643736045, 0.5806367033018693, 1.1909153470379144, 0.9720132857142857
9, 15, 0.04318358398213912, 0.04714543493186153, 0.09032901891400065, 0.5727942782630355, 0.5662944620824528, 1.1390887403454883, 0.9773744166666667
9, 16, 0.022434973512245073, 0.048723051358860965, 0.07115802487110603, 0.5394199990829414, 0.5391477683795295, 1.078567767462471, 0.975739875

10, 1, 0.21755058049189915, 0.17339710362728974, 0.3909476841191889, 0.37209322992886174, 0.22110559126452137, 0.5931988211933831, 1.0
10, 2, 0.16883419015508533, 0.1420860750080219, 0.3109202651631072, 0.43089722121678153, 0.34190992845714424, 0.7728071496739257, 0.992782625
10, 3, 0.145586120442397, 0.12113947587460475, 0.26672559631700177, 0.6168989800345783, 0.5583707721662322, 1.1752697522008106, 0.9892274166666666
10, 4, 0.11663200964311193, 0.10386678710298697, 0.2204987967460989, 0.6096545420771057, 0.5405442537615626, 1.1501987958386684, 0.985524875
10, 5, 0.09428139348371967, 0.09222663229540344, 0.18650802577912312, 0.6818062689239033, 0.6579551591324503, 1.3397614280563537, 0.9836046
10, 6, 0.08440372458328875, 0.07868287846545205, 0.16308660304874079, 0.6598028109860858, 0.6157756873679654, 1.2755784983540512, 0.9838475833333333
10, 7, 0.07183371932180523, 0.07494530677774604, 0.14677902609955126, 0.6576864957648555, 0.5875139886960785, 1.2452004844609341, 0.9813443214285713
10, 8, 0.07134580795241316, 0.0667960588165963, 0.13814186676900947, 0.6417824138476452, 0.5837490168749244, 1.2255314307225698, 0.979413875
10, 9, 0.06349606420583517, 0.06015450527967142, 0.1236505694855066, 0.6252409740120755, 0.5840140596741327, 1.2092550336862082, 0.9835187777777779
10, 10, 0.06175078256637882, 0.057897774001269255, 0.11964855656764808, 0.6235424432846006, 0.5522246899323888, 1.1757671332169894, 0.980272
10, 11, 0.05015291865359121, 0.05441655418339608, 0.10456947283698728, 0.6657742413152864, 0.5670925375768556, 1.232866778892142, 0.9788438636363637
10, 12, 0.03284079052334473, 0.049868323432994285, 0.08270911395633901, 0.5534803389618379, 0.5492682545925871, 1.102748593554425, 0.9774540833333333
10, 13, 0.04113704958222032, 0.04806607952920013, 0.08920312911142045, 0.594870105343213, 0.559495633057085, 1.154365738400298, 0.9790550769230769
10, 14, 0.042143275084603506, 0.04787281248374416, 0.09001608756834767, 0.6008644945701671, 0.5170258437593697, 1.1178903383295369, 0.9724419285714286
10, 15, 0.03531169277457451, 0.043336214440706254, 0.07864790721528075, 0.5840132804182774, 0.5102728272214341, 1.0942861076397115, 0.9700770333333334
10, 16, 0.030796531369719545, 0.041793585938165054, 0.0725901173078846, 0.5170510095813948, 0.4914756967769114, 1.0085267063583063, 0.9728331718750001

11, 1, 0.21920627438577273, 0.1734153332324534, 0.3926216076182261, 0.36923625482082356, 0.22229465135711188, 0.5915309061779355, 1.0
11, 2, 0.1618309620449005, 0.12995367600322832, 0.2917846380481288, 0.44728753554873046, 0.3912906182403052, 0.8385781537890357, 0.99235525
11, 3, 0.13591563797545864, 0.10360563514860396, 0.2395212731240626, 0.6701242606555288, 0.6121732235826697, 1.2822974842381984, 0.9897248333333334
11, 4, 0.11376811732359665, 0.08882344758623667, 0.20259156490983332, 0.616706483853583, 0.572286357953831, 1.1889928418074138, 0.9870933749999999
11, 5, 0.1049920751597411, 0.08023721907348629, 0.18522929423322737, 0.6839366577909793, 0.680642382406984, 1.3645790401979634, 0.9835989
11, 6, 0.09928893197560507, 0.07231303088891702, 0.1716019628645221, 0.6486119778355471, 0.6691427216155027, 1.3177546994510498, 0.985349
11, 7, 0.09366326011877738, 0.06962108440811614, 0.1632843445268935, 0.6011417789924598, 0.5963521073481879, 1.1974938863406477, 0.9810121428571428
11, 8, 0.09018270829159095, 0.06422575239858082, 0.15440846069017178, 0.5665845858751943, 0.5767628347235814, 1.1433474205987757, 0.9798864374999999
11, 9, 0.08092472260750341, 0.06130052966655222, 0.14222525227405564, 0.6485208749841642, 0.6060280400565046, 1.2545489150406688, 0.9846126388888888
11, 10, 0.0747055185281569, 0.05761397470538063, 0.13231949323353753, 0.5366650642592456, 0.5524479337202444, 1.08911299797949, 0.976998125
11, 11, 0.06562057931779436, 0.051831132467967216, 0.11745171178576158, 0.5633368955216255, 0.5668049725290758, 1.1301418680507012, 0.9762579545454546
11, 12, 0.06230163147512223, 0.04742926195315576, 0.10973089342827799, 0.5265399010459093, 0.5768327870727572, 1.1033726881186665, 0.9754956874999999
11, 13, 0.04918306412799607, 0.04248246095507223, 0.0916655250830683, 0.5496153347031244, 0.5638844469510199, 1.1134997816541443, 0.9770674807692308
11, 14, 0.05139223838061922, 0.04733006951653454, 0.09872230789715376, 0.5414132424425399, 0.5232365963484278, 1.0646498387909675, 0.9703574107142857
11, 15, 0.05876880913273324, 0.040360455105261595, 0.09912926423799484, 0.5490991990763819, 0.5431954889099619, 1.0922946879863438, 0.9794243833333334
11, 16, 0.054011017916988105, 0.037412579337704435, 0.09142359725469254, 0.5388373459091055, 0.5293682449189292, 1.0682055908280348, 0.9718604843749999

12, 1, 0.2467365717854932, 0.16140424046098972, 0.4081408122464829, 0.37152548192557866, 0.22078319088233722, 0.5923086728079159, 1.0
12, 2, 0.1800482948529132, 0.1180653117277905, 0.29811360658070374, 0.49718779033785543, 0.4220764512294809, 0.9192642415673363, 0.99348
12, 3, 0.15749322879617542, 0.09368002456405394, 0.25117325336022933, 0.7195214865556776, 0.6335214320647585, 1.353042918620436, 0.9896185000000001
12, 4, 0.13702420039671243, 0.08632781639943349, 0.2233520167961459, 0.6172301870831539, 0.6261086651912697, 1.2433388522744235, 0.98417925
12, 5, 0.13973379463219376, 0.0812007333758625, 0.22093452800805627, 0.7008449750996285, 0.6938672882044685, 1.394712263304097, 0.9840928
12, 6, 0.12619739200916263, 0.07249536504494848, 0.1986927570541111, 0.6116009900430828, 0.6415010949918075, 1.2531020850348904, 0.9812555000000001
12, 7, 0.12237178819120896, 0.069029915340492, 0.19140170353170097, 0.6116713314044326, 0.6514384342732074, 1.26310976567764, 0.9745943928571428
12, 8, 0.11250017750556243, 0.06381584590824949, 0.17631602341381192, 0.5932765379327911, 0.6057687258956317, 1.1990452638284228, 0.98013065625
12, 9, 0.10840369408633851, 0.059993028778297985, 0.1683967228646365, 0.6376255628986371, 0.6517977161861159, 1.289423279084753, 0.9824385555555555
12, 10, 0.10183581839715267, 0.05346844689639386, 0.15530426529354652, 0.6183087008762038, 0.6404158522375577, 1.2587245531137614, 0.97852795
12, 11, 0.08812042913442539, 0.04443302683340102, 0.13255345596782642, 0.6747832544743939, 0.6625176633055356, 1.3373009177799295, 0.9763131818181818
12, 12, 0.07839727553595192, 0.03502416497038559, 0.11342144050633751, 0.6434800374807481, 0.6513186255928154, 1.2947986630735635, 0.9728810833333333
12, 13, 0.06942920107200896, 0.029795867931770983, 0.09922506900377995, 0.707861995054224, 0.6517939106869218, 1.3596559057411457, 0.9768475769230769
12, 14, 0.07226820244241293, 0.033107502750909804, 0.10537570519332273, 0.6949868903005576, 0.6330073880679155, 1.327994278368473, 0.9716125714285714
12, 15, 0.06742533227360858, 0.02928497817549008, 0.09671031044909867, 0.705579474354593, 0.63375036058047, 1.339329834935063, 0.9772839166666667
12, 16, 0.05918886324592107, 0.02074364893012881, 0.07993251217604988, 0.6639091039345303, 0.5803804846480123, 1.2442895885825425, 0.974959921875

13, 1, 0.2457339423352205, 0.16370775739155244, 0.4094416997267729, 0.38504954370537725, 0.2334572148295126, 0.6185067585348898, 1.0
13, 2, 0.18903774506353976, 0.12701038919483595, 0.31604813425837575, 0.5012932833645152, 0.44332803537576654, 0.9446213187402817, 0.99376125
13, 3, 0.1777716289763409, 0.11612896334935706, 0.293900592325698, 0.6710599184263292, 0.6476769946150435, 1.3187369130413726, 0.989359
13, 4, 0.16475784907646462, 0.10819768666945868, 0.2729555357459233, 0.5610939381015476, 0.5831922195246411, 1.1442861576261887, 0.9829901875
13, 5, 0.15782039985829002, 0.10143755408153203, 0.25925795393982204, 0.6469035900251201, 0.6689387548171923, 1.3158423448423124, 0.98320385
13, 6, 0.14718727079846686, 0.09227348017151962, 0.23946075096998648, 0.5996270568969624, 0.6601340678617533, 1.2597611247587157, 0.9810154583333334
13, 7, 0.13695637880426, 0.08432843593732323, 0.22128481474158324, 0.6122094551766707, 0.6568244082167363, 1.2690338633934068, 0.9757702857142856
13, 8, 0.1270472078330832, 0.07915696344322636, 0.20620417127630958, 0.6206414176476067, 0.631072850016901, 1.2517142676645077, 0.979039
13, 9, 0.11537056990563457, 0.0722087523286679, 0.18757932223430246, 0.6763412486602689, 0.6880019494561164, 1.3643431981163854, 0.9811889444444444
13, 10, 0.108035209119386, 0.061952051571347116, 0.1699872606907331, 0.6718400416575747, 0.6925160210940133, 1.364356062751588, 0.9787022
13, 11, 0.09389419275428158, 0.051382015883225454, 0.14527620863750704, 0.7326185821904392, 0.7147493398723284, 1.4473679220627675, 0.9772391818181818
13, 12, 0.08147986194829579, 0.04169918848047164, 0.12317905042876742, 0.7112439636135127, 0.7078340606817946, 1.4190780242953074, 0.9756418958333334
13, 13, 0.07236251536022292, 0.03485370049662055, 0.10721621585684347, 0.7746484169114288, 0.6938167751690192, 1.4684651920804481, 0.9756749615384616
13, 14, 0.07417602242368525, 0.03658856107337243, 0.11076458349705767, 0.7656164941637968, 0.6666616419509417, 1.4322781361147385, 0.973602
13, 15, 0.07061382662298393, 0.03374699768093784, 0.10436082430392177, 0.7776594085982177, 0.6737863381244167, 1.4514457467226345, 0.97452675
13, 16, 0.06258618529962401, 0.027748193163645688, 0.0903343784632697, 0.7219089968587191, 0.6205535035171126, 1.3424625003758317, 0.973875046875

14, 1, 0.24712906046832012, 0.159290084765769, 0.4064191452340891, 0.40286516654374266, 0.2266818001721672, 0.6295469667159099, 1.0
14, 2, 0.2038020488398679, 0.13240317826052084, 0.33620522710038875, 0.45512732887815843, 0.41423335614009865, 0.8693606850182571, 0.9934108749999999
14, 3, 0.20029929069330557, 0.12500344934418858, 0.32530274003749415, 0.620297095147404, 0.6075985856156036, 1.2278956807630077, 0.98903925
14, 4, 0.18284826488744346, 0.11646939243455934, 0.2993176573220028, 0.5101304232565483, 0.5472316384466211, 1.0573620617031696, 0.9798058125
14, 5, 0.17132311750939402, 0.10559627012379794, 0.27691938763319196, 0.6445451106527911, 0.6589272534116691, 1.30347236406446, 0.98143215
14, 6, 0.15201088421762407, 0.09231284595903158, 0.24432373017665565, 0.6055042290630869, 0.6685751442236845, 1.2740793732867712, 0.9800998750000001
14, 7, 0.1416041240422464, 0.0813788230107318, 0.2229829470529782, 0.6367558550306038, 0.6768747446660583, 1.3136305996966622, 0.9777587857142856
14, 8, 0.1303191802936785, 0.07272824040461547, 0.20304742069829396, 0.6830746312185779, 0.6537847614826877, 1.3368593927012657, 0.9786630000000001
14, 9, 0.11644999614102285, 0.06419286051416075, 0.1806428566551836, 0.7256066006493963, 0.7412814426873712, 1.4668880433367675, 0.9798948333333333
14, 10, 0.1075525633349588, 0.05131003177247255, 0.15886259510743134, 0.719044871610258, 0.7369237623977825, 1.4559686340080404, 0.974904
14, 11, 0.09263319265259767, 0.040258273843853394, 0.13289146649645106, 0.7841009877100199, 0.7539674381684576, 1.5380684258784774, 0.9732655454545455
14, 12, 0.08316527971546621, 0.034881826962733606, 0.11804710667819981, 0.7638118623262483, 0.7641978904583985, 1.5280097527846468, 0.9763670208333334
14, 13, 0.07544146786326614, 0.028482944042918665, 0.1039244119061848, 0.8012402813115367, 0.7192873083982825, 1.5205275897098192, 0.9748367884615384
14, 14, 0.07569358906590858, 0.031149643847005738, 0.10684323291291431, 0.7910715058019536, 0.6845976999457457, 1.4756692057476992, 0.9754086249999999
14, 15, 0.07509245345541167, 0.029131376034319707, 0.10422382948973138, 0.8055031599000307, 0.6803720100878916, 1.4858751699879225, 0.9750648666666667
14, 16, 0.06969617917416088, 0.024223316569412023, 0.0939194957435729, 0.747489958879306, 0.6306854713571921, 1.3781754302364981, 0.971454140625

15, 1, 0.25114854170674766, 0.1602902765079634, 0.41143881821471107, 0.4095059732080797, 0.23771055560057874, 0.6472165288086584, 1.0
15, 2, 0.2321142119919864, 0.15056317437386754, 0.3826773863658539, 0.4421364211502973, 0.4330549156287169, 0.8751913367790142, 0.9935125
15, 3, 0.22175156810090713, 0.14068482454742204, 0.36243639264832916, 0.6237199933911144, 0.6462334399400643, 1.2699534333311786, 0.9886221666666667
15, 4, 0.20524466451924075, 0.12595562867526644, 0.33120029319450717, 0.5641285037576569, 0.6052421799793848, 1.1693706837370417, 0.98004625
15, 5, 0.1903134817893609, 0.11129284915972186, 0.30160633094908273, 0.7047571896798033, 0.7400121427363976, 1.4447693324162008, 0.9776644999999999
15, 6, 0.1621834397370154, 0.09294943149801176, 0.25513287123502715, 0.6906002707174426, 0.7729218674861884, 1.463522138203631, 0.980622
15, 7, 0.15459689980667016, 0.08450261468929104, 0.2390995144959612, 0.7139170551234794, 0.7746205032531692, 1.4885375583766485, 0.9772057857142857
15, 8, 0.13731495931581372, 0.06924628717681604, 0.20656124649262975, 0.7468649558287767, 0.7466104521110485, 1.4934754079398251, 0.9784303750000001
15, 9, 0.13119965218712515, 0.06483290709372047, 0.19603255928084562, 0.7861001878146384, 0.812874125098167, 1.5989743129128056, 0.9791633055555555
15, 10, 0.11787890009626857, 0.05230577798272816, 0.17018467807899673, 0.8191039945179216, 0.7959477056734983, 1.6150517001914197, 0.9756801249999999
15, 11, 0.1080319088203196, 0.04231437863847273, 0.15034628745879233, 0.8332262003250986, 0.8004569473674706, 1.6336831476925693, 0.9746289772727273
15, 12, 0.10252949635519268, 0.04009407928397884, 0.14262357563917152, 0.782111182249147, 0.7598573903955567, 1.5419685726447037, 0.9708924583333334
15, 13, 0.09644850534140503, 0.034949773223658866, 0.1313982785650639, 0.8199906869163216, 0.7151164544943294, 1.535107141410651, 0.9712279423076923
15, 14, 0.09755847054132645, 0.04079723480069358, 0.13835570534202002, 0.8335280427280396, 0.7137131823315611, 1.5472412250596008, 0.9752667321428572
15, 15, 0.09878921927895659, 0.038722111814278606, 0.1375113310932352, 0.8200079428594924, 0.6975291663596912, 1.5175371092191836, 0.9745825166666666
15, 16, 0.09169045087898588, 0.03501766948245226, 0.12670812036143814, 0.797991143339689, 0.6317633303963128, 1.429754473736002, 0.97101928125

16, 1, 0.2664646320102373, 0.17548734760779797, 0.44195197961803523, 0.395647855901958, 0.22067927158300205, 0.61632712748496, 1.0
16, 2, 0.24196511826317538, 0.16382888551766112, 0.4057940037808365, 0.45716060551073456, 0.4141656028152666, 0.8713262083260012, 0.99314875
16, 3, 0.22258922926746252, 0.14659632201878808, 0.36918555128625063, 0.6892684177612314, 0.6988846329829905, 1.388153050744222, 0.9875930833333333
16, 4, 0.19884807453793063, 0.12942455111577722, 0.32827262565370785, 0.6464856341870346, 0.6669705763522306, 1.313456210539265, 0.981886875
16, 5, 0.17896531083589637, 0.11120175772885094, 0.2901670685647473, 0.8275626783893731, 0.868014569984509, 1.695577248373882, 0.9774674000000001
16, 6, 0.15151820960130816, 0.09165136043766889, 0.24316957003897705, 0.7890030201834392, 0.8498635468534493, 1.6388665670368885, 0.9807338750000001
16, 7, 0.13920256232680261, 0.08013437186502939, 0.219336934191832, 0.8214034014443817, 0.878753487564064, 1.7001568890084457, 0.9777137499999999
16, 8, 0.1271941135332509, 0.06854587540139731, 0.19573998893464822, 0.8155141195820454, 0.814216267980057, 1.6297303875621023, 0.97787140625
16, 9, 0.12158012348860314, 0.06590952142532933, 0.18748964491393247, 0.8821173777322924, 0.9039885768174211, 1.7861059545497135, 0.9783650277777779
16, 10, 0.11092366009844719, 0.058796856284129874, 0.16972051638257707, 0.8563107169179717, 0.8437898590644007, 1.7001005759823724, 0.9758938499999998
16, 11, 0.1068048986396147, 0.051428523032295066, 0.15823342167190976, 0.8504146644468686, 0.8395765467686912, 1.6899912112155597, 0.9751475
16, 12, 0.10622289359270626, 0.05189082291102906, 0.15811371650373532, 0.7973785691192765, 0.807394281237547, 1.6047728503568235, 0.9706503125
16, 13, 0.10497528405720011, 0.049454336463218035, 0.15442962052041814, 0.8413737482546857, 0.7678688411318757, 1.6092425893865614, 0.9689027307692308
16, 14, 0.10740138951550199, 0.05636317670269883, 0.16376456621820082, 0.8584139466633594, 0.7633995830927607, 1.62181352975612, 0.9712261428571429
16, 15, 0.1059069168834348, 0.05764282349304438, 0.16354974037647918, 0.8086854216013007, 0.7517087124932996, 1.5603941340946004, 0.9744128
16, 16, 0.10442513609034602, 0.05322206281222898, 0.157647198902575, 0.8040732786799981, 0.6672013411038059, 1.471274619783804, 0.9686829375
