branchFactor, leafSize, nodeIntersections, shadowNodeIntersections, allNodeIntersections, leafIntersections, shadowLeafIntersections, allLeafIntersections, leafFullness, cost, shadowCost

2, 1, 4.26664, 54.0271, 58.29374, 0.353175, 5.81751, 6.170685000000001, 1.0, 0.886505, 12.570897500000001
2, 2, 3.96834, 48.9188, 52.887139999999995, 0.318872, 5.45512, 5.773992, 0.9927865, 0.8149145, 11.56997
2, 3, 3.81025, 46.0824, 49.89265, 0.305242, 5.30986, 5.615101999999999, 0.9916746666666666, 0.78152325, 11.07016
2, 4, 3.70205, 44.1528, 47.85485, 0.296695, 5.20709, 5.503785, 0.9919315, 0.7594512499999999, 10.726189999999999
2, 5, 3.62122, 42.6926, 46.31382, 0.289929, 5.0991, 5.389029, 0.9919144, 0.7425815, 10.435675
2, 6, 3.55862, 41.5023, 45.060919999999996, 0.284484, 5.04716, 5.331644, 0.9926023333333333, 0.7293115, 10.2349475
2, 7, 3.50577, 40.6414, 44.147169999999996, 0.279571, 4.97324, 5.2528109999999995, 0.9939144285714285, 0.71779225, 10.053415
2, 8, 3.45858, 39.729, 43.18758, 0.278027, 4.8945, 5.172527, 0.993505875, 0.7103495, 9.860624999999999
2, 9, 3.42065, 39.077, 42.49765, 0.2736, 4.78599, 5.05959, 0.9914394444444444, 0.7011812500000001, 9.670615
2, 10, 3.38216, 38.4314, 41.813559999999995, 0.2712, 4.77462, 5.04582, 0.9944286999999999, 0.69397, 9.578544999999998
2, 11, 3.35204, 37.883, 41.235040000000005, 0.268377, 4.72885, 4.9972270000000005, 0.9941510909090909, 0.6873819999999999, 9.464225
2, 12, 3.32017, 37.3176, 40.637769999999996, 0.264303, 4.66045, 4.924753, 0.9942915, 0.6793242500000001, 9.32515
2, 13, 3.29684, 36.9557, 40.25254, 0.263436, 4.66165, 4.925086, 0.9934177692307693, 0.675541, 9.281112499999999
2, 14, 3.27263, 36.4258, 39.69843, 0.26303, 4.57707, 4.8401, 0.9943162857142857, 0.67210875, 9.130295
2, 15, 3.2497, 36.1508, 39.400499999999994, 0.259523, 4.5447, 4.8042229999999995, 0.9938275333333333, 0.6657355, 9.06355
2, 16, 3.22796, 35.7264, 38.95436, 0.259366, 4.53732, 4.796686, 0.9949084375, 0.6628609999999999, 9.00312

3, 1, 2.9007, 34.8502, 37.7509, 0.356549, 5.81751, 6.174059000000001, 1.0, 0.7191365000000001, 10.173785
3, 2, 2.71156, 31.6731, 34.384660000000004, 0.322351, 5.45512, 5.777471, 0.9927905, 0.661296, 9.4142575
3, 3, 2.61092, 29.9105, 32.52142, 0.309056, 5.30986, 5.618916, 0.9916953333333334, 0.635421, 9.048672499999999
3, 4, 2.54029, 28.6223, 31.162589999999998, 0.300777, 5.20709, 5.507867, 0.99195025, 0.61831325, 8.7848775
3, 5, 2.48585, 27.6844, 30.17025, 0.2942, 5.0991, 5.3933, 0.9919346000000001, 0.60493125, 8.55965
3, 6, 2.44633, 26.9293, 29.37563, 0.288895, 5.04716, 5.336055, 0.9926228333333333, 0.5946862500000001, 8.4133225
3, 7, 2.41335, 26.4064, 28.819750000000003, 0.283917, 4.97324, 5.257156999999999, 0.9939321428571429, 0.5855857499999999, 8.27404
3, 8, 2.3805, 25.85, 28.230500000000003, 0.282722, 4.8945, 5.1772219999999995, 0.993531125, 0.5802845, 8.12575
3, 9, 2.35571, 25.3961, 27.75181, 0.278235, 4.78599, 5.064225, 0.9914834444444445, 0.57269875, 7.9605025000000005
3, 10, 2.32926, 25.0117, 27.340960000000003, 0.276139, 4.77462, 5.050758999999999, 0.9944428999999999, 0.5672965000000001, 7.901082499999999
3, 11, 2.30942, 24.6104, 26.919819999999998, 0.273231, 4.72885, 5.002081, 0.9941723636363636, 0.5619084999999999, 7.80515
3, 12, 2.286, 24.194, 26.48, 0.269347, 4.66045, 4.929797, 0.99431425, 0.555097, 7.684699999999999
3, 13, 2.27126, 24.0369, 26.30816, 0.26855, 4.66165, 4.9302, 0.9934373076923078, 0.5524575, 7.6662625
3, 14, 2.25398, 23.6647, 25.91868, 0.268491, 4.57707, 4.845561, 0.9943419285714287, 0.5502385, 7.5351575
3, 15, 2.23998, 23.5225, 25.76248, 0.264602, 4.5447, 4.809302, 0.9938475333333333, 0.5445995, 7.4850125
3, 16, 2.22561, 23.2162, 25.44181, 0.264411, 4.53732, 4.801731, 0.9949315, 0.54261225, 7.439345

4, 1, 2.4133, 27.3544, 29.767699999999998, 0.358281, 5.81751, 6.175791, 1.0, 0.6599435, 9.23681
4, 2, 2.26345, 24.9017, 27.16515, 0.324092, 5.45512, 5.779212, 0.992788, 0.60702325, 8.5678325
4, 3, 2.18403, 23.5226, 25.70663, 0.310846, 5.30986, 5.620705999999999, 0.9916860000000001, 0.58384975, 8.250185
4, 4, 2.12965, 22.5208, 24.65045, 0.30277, 5.20709, 5.50986, 0.9919455, 0.56897625, 8.02219
4, 5, 2.08582, 21.8295, 23.91532, 0.296236, 5.0991, 5.395336, 0.9919368000000001, 0.5569635, 7.8277874999999995
4, 6, 2.05491, 21.1888, 23.24371, 0.290778, 5.04716, 5.337937999999999, 0.992626, 0.5476417499999999, 7.69576
4, 7, 2.02804, 20.7701, 22.79814, 0.285859, 4.97324, 5.259099, 0.993925, 0.539364, 7.5695025
4, 8, 2.00271, 20.3022, 22.30491, 0.284471, 4.8945, 5.178971, 0.99352625, 0.53480975, 7.432275
4, 9, 1.98541, 20.0602, 22.045609999999996, 0.279844, 4.78599, 5.065834, 0.9914810000000001, 0.52802025, 7.293514999999999
4, 10, 1.96391, 19.6917, 21.65561, 0.277667, 4.77462, 5.052287, 0.9944466999999999, 0.52315575, 7.2360825
4, 11, 1.94633, 19.4511, 21.39743, 0.275031, 4.72885, 5.003881000000001, 0.9941811818181818, 0.51832225, 7.160237500000001
4, 12, 1.92977, 19.1625, 21.092270000000003, 0.271187, 4.66045, 4.931637, 0.9943128333333333, 0.51240825, 7.0557625
4, 13, 1.91833, 19.0274, 20.94573, 0.270447, 4.66165, 4.932097, 0.9934271538461539, 0.51023825, 7.040075
4, 14, 1.90584, 18.7294, 20.63524, 0.269986, 4.57707, 4.847056, 0.9943426428571429, 0.508216, 6.918245
4, 15, 1.8953, 18.6138, 20.5091, 0.266375, 4.5447, 4.811075, 0.9938395999999999, 0.5032875, 6.871425
4, 16, 1.88045, 18.3392, 20.21965, 0.266518, 4.53732, 4.803838, 0.9949015, 0.50157425, 6.82972

5, 1, 2.13248, 23.6752, 25.80768, 0.35987, 5.81751, 6.17738, 1.0, 0.62643, 8.77691
5, 2, 2.00079, 21.5048, 23.505589999999998, 0.325858, 5.45512, 5.780978, 0.992802, 0.57595675, 8.14322
5, 3, 1.93346, 20.3611, 22.29456, 0.31246, 5.30986, 5.622319999999999, 0.9916963333333334, 0.5541425, 7.8549975
5, 4, 1.88656, 19.5162, 21.40276, 0.304362, 5.20709, 5.511452, 0.9919505, 0.540182, 7.646615000000001
5, 5, 1.8485, 18.887, 20.735500000000002, 0.297897, 5.0991, 5.396997, 0.9919336, 0.5289595, 7.459975
5, 6, 1.81926, 18.3109, 20.13016, 0.292835, 5.04716, 5.339995, 0.9926311666666666, 0.5202425, 7.3360225
5, 7, 1.79479, 17.9719, 19.76669, 0.287942, 4.97324, 5.261182, 0.99393, 0.51229075, 7.219727499999999
5, 8, 1.77323, 17.4645, 19.237730000000003, 0.286682, 4.8945, 5.181182, 0.993532875, 0.50833575, 7.0775625
5, 9, 1.75454, 17.3244, 19.07894, 0.282383, 4.78599, 5.068373, 0.9915122222222222, 0.5017005, 6.95154
5, 10, 1.73696, 16.9784, 18.71536, 0.280081, 4.77462, 5.054701, 0.9944556, 0.497201, 6.89692
5, 11, 1.72299, 16.7891, 18.51209, 0.277038, 4.72885, 5.005888000000001, 0.9941913636363636, 0.49241175000000004, 6.8274875
5, 12, 1.71041, 16.5534, 18.26381, 0.272921, 4.66045, 4.933371, 0.9943140833333333, 0.48672225, 6.729625
5, 13, 1.70076, 16.4657, 18.166459999999997, 0.272681, 4.66165, 4.934331, 0.9934296153846154, 0.48527600000000004, 6.7198625
5, 14, 1.68925, 16.1447, 17.83395, 0.272127, 4.57707, 4.849197, 0.9943408571428571, 0.48328325, 6.5951575
5, 15, 1.67976, 16.061, 17.74076, 0.268469, 4.5447, 4.813168999999999, 0.9938426666666668, 0.478439, 6.552325
5, 16, 1.66992, 15.8739, 17.54382, 0.268577, 4.53732, 4.805897, 0.994925, 0.477317, 6.5215575

6, 1, 1.96067, 21.4407, 23.40137, 0.360867, 5.81751, 6.178377, 1.0, 0.60595075, 8.497597500000001
6, 2, 1.83556, 19.3678, 21.20336, 0.327649, 5.45512, 5.782769, 0.992804, 0.557094, 7.876094999999999
6, 3, 1.76852, 18.2582, 20.026719999999997, 0.314377, 5.30986, 5.624237, 0.9916969999999999, 0.535442, 7.592134999999999
6, 4, 1.73063, 17.6343, 19.36493, 0.305826, 5.20709, 5.512916, 0.991943, 0.52215475, 7.4113775
6, 5, 1.70174, 17.1611, 18.862840000000002, 0.298754, 5.09925, 5.398003999999999, 0.9919302, 0.5114715000000001, 7.2443875
6, 6, 1.68122, 16.7628, 18.44402, 0.293555, 5.04716, 5.340714999999999, 0.9926236666666667, 0.5037075, 7.14251
6, 7, 1.6577, 16.3514, 18.0091, 0.288777, 4.97324, 5.262016999999999, 0.9939255714285714, 0.49598949999999997, 7.017165
6, 8, 1.63556, 15.9906, 17.62616, 0.287849, 4.8945, 5.182349, 0.993536625, 0.492294, 6.893325
6, 9, 1.61789, 15.7139, 17.33179, 0.283958, 4.78443, 5.068388000000001, 0.9915003333333333, 0.48619425, 6.748667500000001
6, 10, 1.59862, 15.4139, 17.01252, 0.28187, 4.77462, 5.056489999999999, 0.9944616, 0.4816975, 6.701357499999999
6, 11, 1.58298, 15.1298, 16.71278, 0.279354, 4.72885, 5.008204, 0.994191, 0.4772265, 6.620075
6, 12, 1.56632, 14.8362, 16.40252, 0.275974, 4.66045, 4.936424, 0.9943373333333333, 0.47176399999999996, 6.514975
6, 13, 1.55516, 14.6931, 16.24826, 0.275124, 4.66165, 4.936774, 0.9934613846153847, 0.469519, 6.4982875
6, 14, 1.54496, 14.465, 16.00996, 0.274682, 4.57707, 4.851752, 0.9943564285714286, 0.467802, 6.3851949999999995
6, 15, 1.53572, 14.4073, 15.943019999999999, 0.270974, 4.5447, 4.815674, 0.9938576666666666, 0.462939, 6.3456125
6, 16, 1.52464, 14.1317, 15.65634, 0.271358, 4.53732, 4.8086780000000005, 0.9949210625, 0.46193799999999996, 6.3037825000000005

7, 1, 1.81795, 19.6874, 21.50535, 0.362994, 5.81751, 6.180504, 1.0, 0.59023775, 8.278435
7, 2, 1.72867, 18.2459, 19.97457, 0.327221, 5.45512, 5.782341, 0.9927885, 0.54330475, 7.7358575
7, 3, 1.66377, 17.2129, 18.87667, 0.315354, 5.30986, 5.625214, 0.9917073333333333, 0.5233252500000001, 7.461472499999999
7, 4, 1.61324, 16.33, 17.94324, 0.30827, 5.20709, 5.51536, 0.9919585, 0.509925, 7.24834
7, 5, 1.57547, 15.6876, 17.26307, 0.301868, 5.0991, 5.400968, 0.9919598000000001, 0.49880175000000004, 7.06005
7, 6, 1.55222, 15.2568, 16.80902, 0.296276, 5.04716, 5.343436, 0.992629, 0.4903035, 6.95426
7, 7, 1.53621, 14.9549, 16.49111, 0.290596, 4.97324, 5.2638359999999995, 0.9939105714285714, 0.48262225000000003, 6.8426025
7, 8, 1.52225, 14.7148, 16.23705, 0.289006, 4.8945, 5.1835059999999995, 0.99352525, 0.47928725, 6.73385
7, 9, 1.51228, 14.5305, 16.04278, 0.283944, 4.78597, 5.069914, 0.9914898888888888, 0.472979, 6.602282499999999
7, 10, 1.50306, 14.4344, 15.93746, 0.28113, 4.77462, 5.05575, 0.9944229, 0.4690125, 6.57892
7, 11, 1.49371, 14.2774, 15.77111, 0.278339, 4.72885, 5.007189, 0.9941806363636364, 0.46505275, 6.5135250000000005
7, 12, 1.48389, 14.1205, 15.60439, 0.274246, 4.66045, 4.934696, 0.994316, 0.45973224999999995, 6.4255125
7, 13, 1.47704, 14.0828, 15.559840000000001, 0.273453, 4.66165, 4.935103, 0.9934510000000001, 0.458083, 6.422
7, 14, 1.46831, 13.9105, 15.378810000000001, 0.273367, 4.57707, 4.850437, 0.9943628571428571, 0.45690575, 6.3158825
7, 15, 1.46027, 13.7848, 15.24507, 0.269973, 4.54466, 4.814633000000001, 0.9938732, 0.45250675, 6.267760000000001
7, 16, 1.45065, 13.6482, 15.098849999999999, 0.27065, 4.53732, 4.80797, 0.994929375, 0.45198125, 6.243345

8, 1, 1.74788, 18.3516, 20.09948, 0.362689, 5.81751, 6.180199, 1.0, 0.581174, 8.111460000000001
8, 2, 1.61773, 16.3552, 17.972929999999998, 0.331061, 5.45512, 5.786181, 0.992796, 0.53327725, 7.49952
8, 3, 1.56787, 15.4684, 17.036270000000002, 0.316602, 5.30986, 5.626461999999999, 0.991682, 0.51258575, 7.24341
8, 4, 1.5438, 15.0351, 16.5789, 0.306695, 5.20709, 5.513785, 0.9919255, 0.49967, 7.0864775
8, 5, 1.524, 14.6262, 16.1502, 0.29953, 5.0991, 5.39863, 0.9919236, 0.49003, 6.927375
8, 6, 1.50691, 14.3085, 15.81541, 0.294098, 5.04716, 5.341258, 0.992625, 0.48246175, 6.8357225
8, 7, 1.48726, 14.0382, 15.525459999999999, 0.289836, 4.97324, 5.263076, 0.9939351428571428, 0.4757435, 6.728014999999999
8, 8, 1.46439, 13.6886, 15.152989999999999, 0.289542, 4.8945, 5.184042, 0.993554375, 0.47259075000000006, 6.605575
8, 9, 1.44665, 13.4239, 14.87055, 0.286043, 4.78597, 5.072013, 0.991536888888889, 0.46687425, 6.463957499999999
8, 10, 1.42527, 13.1345, 14.559769999999999, 0.284837, 4.77462, 5.059457, 0.9944767999999999, 0.46299575000000004, 6.416432499999999
8, 11, 1.40905, 12.888, 14.29705, 0.282802, 4.72885, 5.011652000000001, 0.9941846363636363, 0.45893324999999996, 6.33985
8, 12, 1.39378, 12.6023, 13.99608, 0.279806, 4.66045, 4.940256, 0.994339, 0.4540285, 6.2357375
8, 13, 1.38202, 12.4086, 13.79062, 0.27892, 4.66165, 4.94057, 0.9934596153846154, 0.45167250000000003, 6.212725
8, 14, 1.36976, 12.2298, 13.599559999999999, 0.27923, 4.57707, 4.8563, 0.9943588571428571, 0.45045, 6.105795
8, 15, 1.36015, 12.0676, 13.42775, 0.275864, 4.54466, 4.820524000000001, 0.9938660666666668, 0.44588275, 6.05311
8, 16, 1.34989, 11.9267, 13.27659, 0.276057, 4.53732, 4.813377, 0.9948941875, 0.44479325000000003, 6.028157500000001

9, 1, 1.6268, 16.9031, 18.529899999999998, 0.366886, 5.81751, 6.1843960000000004, 1.0, 0.570236, 7.9303975
9, 2, 1.55679, 15.7158, 17.27259, 0.329041, 5.45512, 5.784161, 0.9927655, 0.52363975, 7.419595
9, 3, 1.52603, 15.1734, 16.69943, 0.314112, 5.30986, 5.623971999999999, 0.9916746666666666, 0.50486575, 7.206535
9, 4, 1.4853, 14.546, 16.031299999999998, 0.307216, 5.20709, 5.514306, 0.9919675, 0.4928785, 7.02534
9, 5, 1.44541, 13.838, 15.28341, 0.302613, 5.09925, 5.401863, 0.9919676000000001, 0.48328925, 6.829
9, 6, 1.41276, 13.3154, 14.72816, 0.299009, 5.04716, 5.346169, 0.9926715, 0.475604, 6.7115849999999995
9, 7, 1.38139, 12.9155, 14.29689, 0.295724, 4.97324, 5.2689639999999995, 0.993951, 0.46839774999999995, 6.5876775
9, 8, 1.35831, 12.5172, 13.87551, 0.294859, 4.8945, 5.189359, 0.993547625, 0.46464774999999997, 6.45915
9, 9, 1.34235, 12.2459, 13.58825, 0.290747, 4.78599, 5.076737, 0.9915438888888889, 0.45854074999999994, 6.3167275
9, 10, 1.33007, 12.0371, 13.367170000000002, 0.287797, 4.77453, 5.062327000000001, 0.9944925, 0.45405575000000004, 6.279167500000001
9, 11, 1.32002, 11.9087, 13.22872, 0.284654, 4.72885, 5.013504, 0.994170909090909, 0.4496565, 6.217437500000001
9, 12, 1.31293, 11.7637, 13.07663, 0.280401, 4.66045, 4.940851, 0.9943050000000001, 0.44451725, 6.1309125
9, 13, 1.31017, 11.7123, 13.02247, 0.27893, 4.66165, 4.94058, 0.9934004615384615, 0.44270125000000005, 6.1256875
9, 14, 1.30637, 11.6481, 12.954469999999999, 0.27792, 4.57707, 4.85499, 0.9943478571428572, 0.44121625, 6.0330825
9, 15, 1.30262, 11.6092, 12.911819999999999, 0.273614, 4.5447, 4.818314, 0.993817, 0.43644150000000004, 5.99585
9, 16, 1.30118, 11.5148, 12.81598, 0.272963, 4.53732, 4.810283, 0.9949030625, 0.4356105, 5.97667

10, 1, 1.59229, 16.3764, 17.96869, 0.365481, 5.81751, 6.182991, 1.0, 0.56451725, 7.864560000000001
10, 2, 1.54287, 15.5155, 17.05837, 0.327757, 5.45512, 5.782877, 0.9927805, 0.52061575, 7.3945574999999995
10, 3, 1.48256, 14.4964, 15.978959999999999, 0.316911, 5.30986, 5.626771, 0.9917050000000001, 0.502231, 7.12191
10, 4, 1.42269, 13.4956, 14.918289999999999, 0.312089, 5.20709, 5.519179, 0.99198475, 0.48992525, 6.89404
10, 5, 1.37887, 12.7684, 14.147269999999999, 0.307468, 5.09925, 5.406718, 0.9919752000000001, 0.47982675, 6.6953
10, 6, 1.35137, 12.307, 13.65837, 0.302581, 5.04716, 5.349741, 0.9926551666666666, 0.47150225, 6.585535
10, 7, 1.33373, 12.0669, 13.40063, 0.297122, 4.97324, 5.2703619999999995, 0.9939101428571429, 0.46383825, 6.481602499999999
10, 8, 1.32201, 11.9593, 13.281310000000001, 0.295043, 4.8945, 5.189543, 0.993545, 0.46029425, 6.3894125
10, 9, 1.31657, 11.8416, 13.15817, 0.288956, 4.78599, 5.074946, 0.991523, 0.45352725, 6.26619
10, 10, 1.31252, 11.7059, 13.018419999999999, 0.285447, 4.77453, 5.059977, 0.9944171, 0.449512, 6.2377675
10, 11, 1.31057, 11.7815, 13.09207, 0.281402, 4.72885, 5.010252, 0.9941623636363637, 0.44522324999999996, 6.201537500000001
10, 12, 1.30769, 11.6653, 12.97299, 0.276637, 4.66045, 4.937087, 0.99428225, 0.44009825, 6.1186125
10, 13, 1.30738, 11.6394, 12.94678, 0.275624, 4.66165, 4.9372739999999995, 0.9933730000000001, 0.4390465, 6.116575
10, 14, 1.30539, 11.6273, 12.932690000000001, 0.274206, 4.57707, 4.851276, 0.9943291428571428, 0.43737975, 6.0304825
10, 15, 1.30059, 11.5756, 12.87619, 0.270193, 4.5447, 4.814893, 0.9937957999999999, 0.43276675, 5.99165
10, 16, 1.29872, 11.4956, 12.794319999999999, 0.269617, 4.53732, 4.8069370000000005, 0.994904, 0.43195700000000004, 5.974270000000001

11, 1, 1.58937, 16.485, 18.07437, 0.362127, 5.81751, 6.1796370000000005, 1.0, 0.5607982499999999, 7.878135
11, 2, 1.48042, 14.811, 16.29142, 0.332199, 5.45512, 5.787319, 0.9928255, 0.5172515, 7.306495
11, 3, 1.40003, 13.5317, 14.931730000000002, 0.322682, 5.30986, 5.632542, 0.9917220000000001, 0.49768575000000004, 7.0013225
11, 4, 1.35759, 12.7957, 14.15329, 0.314632, 5.20709, 5.5217220000000005, 0.99195275, 0.48433075000000003, 6.8065525000000004
11, 5, 1.33671, 12.3726, 13.70931, 0.306863, 5.0991, 5.405963, 0.9919264, 0.47395175, 6.645675
11, 6, 1.33019, 12.2497, 13.57989, 0.299486, 5.04716, 5.346646, 0.992619, 0.46575975, 6.5783725
11, 7, 1.32165, 12.1856, 13.50725, 0.292754, 4.97324, 5.265994, 0.993893, 0.45796025, 6.49644
11, 8, 1.32265, 12.1361, 13.45875, 0.289785, 4.8945, 5.184285, 0.993502, 0.45511625, 6.4115125
11, 9, 1.31939, 12.0352, 13.35459, 0.284391, 4.78599, 5.070381, 0.9914912222222222, 0.44931475, 6.29039
11, 10, 1.31112, 11.9661, 13.277220000000002, 0.281731, 4.77453, 5.056261, 0.994431, 0.44562100000000004, 6.2702925
11, 11, 1.30658, 11.8702, 13.17678, 0.27866, 4.72885, 5.007510000000001, 0.9941852727272728, 0.44198250000000006, 6.212625000000001
11, 12, 1.30046, 11.7629, 13.06336, 0.275006, 4.66045, 4.935456, 0.9943258333333334, 0.4375635, 6.1308125
11, 13, 1.29456, 11.6785, 12.97306, 0.274905, 4.66165, 4.936555, 0.9934399230769231, 0.43672500000000003, 6.1214625
11, 14, 1.27809, 11.504, 12.78209, 0.274712, 4.57707, 4.851782, 0.9943494285714286, 0.43447325000000003, 6.01507
11, 15, 1.27658, 11.3966, 12.673179999999999, 0.271662, 4.5447, 4.816362, 0.9938613333333334, 0.4312345, 5.969275
11, 16, 1.26437, 11.1784, 12.44277, 0.272709, 4.53732, 4.810029, 0.9949710625, 0.43075525, 5.934620000000001

12, 1, 1.55278, 15.8024, 17.35518, 0.364485, 5.81751, 6.181995000000001, 1.0, 0.5585825, 7.79281
12, 2, 1.41235, 13.7033, 15.11565, 0.336706, 5.45512, 5.791826, 0.9928095, 0.51324975, 7.1680325
12, 3, 1.36698, 13.0616, 14.42858, 0.3228, 5.30986, 5.63266, 0.9916786666666666, 0.49367249999999996, 6.942559999999999
12, 4, 1.35391, 12.8818, 14.235710000000001, 0.311604, 5.20709, 5.518694, 0.99192725, 0.48084275, 6.817315
12, 5, 1.34639, 12.7209, 14.06729, 0.302802, 5.0991, 5.401902, 0.9918946, 0.47110075, 6.6892125
12, 6, 1.33743, 12.4656, 13.80303, 0.295587, 5.04716, 5.342747, 0.9925973333333333, 0.46276575, 6.60536
12, 7, 1.32908, 12.2592, 13.58828, 0.289795, 4.97324, 5.2630349999999995, 0.9938987142857142, 0.45593000000000006, 6.50564
12, 8, 1.32307, 12.1514, 13.47447, 0.288272, 4.8945, 5.182772, 0.99351575, 0.45365574999999997, 6.413425
12, 9, 1.31253, 11.9098, 13.222330000000001, 0.284153, 4.78599, 5.070143, 0.9915198888888889, 0.44821924999999996, 6.2747150000000005
12, 10, 1.29489, 11.6884, 12.98329, 0.282495, 4.77453, 5.057025, 0.9944584000000001, 0.44435625, 6.235580000000001
12, 11, 1.27981, 11.3421, 12.62191, 0.281081, 4.72885, 5.009931000000001, 0.9941836363636363, 0.44105725, 6.146612500000001
12, 12, 1.25805, 11.032, 12.29005, 0.279318, 4.66045, 4.939768, 0.9943754166666667, 0.43657425, 6.03945
12, 13, 1.25214, 10.9348, 12.18694, 0.279012, 4.66165, 4.940662, 0.9934791538461538, 0.4355295, 6.028499999999999
12, 14, 1.23076, 10.6113, 11.84206, 0.279955, 4.57707, 4.857025, 0.9944072857142857, 0.4338, 5.9034825
12, 15, 1.22433, 10.4929, 11.71723, 0.277718, 4.5447, 4.822418, 0.9939194666666666, 0.43075925000000004, 5.8563125
12, 16, 1.21114, 10.295, 11.50614, 0.278718, 4.53732, 4.816038000000001, 0.9950051875, 0.43011050000000006, 5.8241950000000005

13, 1, 1.48401, 14.6656, 16.14961, 0.370218, 5.81751, 6.187728000000001, 1.0, 0.55571925, 7.65071
13, 2, 1.37889, 13.174, 14.55289, 0.336911, 5.45512, 5.792031, 0.992764, 0.50927225, 7.10187
13, 3, 1.3678, 12.9992, 14.367, 0.31897, 5.30986, 5.62883, 0.9916453333333334, 0.48994499999999996, 6.93476
13, 4, 1.35972, 12.8733, 14.23302, 0.307422, 5.20709, 5.514512, 0.9919125, 0.477387, 6.8162525
13, 5, 1.35086, 12.6116, 13.96246, 0.299662, 5.09925, 5.398911999999999, 0.9918944, 0.4685195, 6.675699999999999
13, 6, 1.33286, 12.2376, 13.57046, 0.293981, 5.04716, 5.3411409999999995, 0.9926188333333333, 0.46058849999999996, 6.57686
13, 7, 1.31377, 11.9268, 13.24057, 0.290238, 4.97324, 5.263477999999999, 0.9939344285714286, 0.45445925, 6.46409
13, 8, 1.29602, 11.6109, 12.906920000000001, 0.290839, 4.8945, 5.185339, 0.9935475, 0.4528415, 6.3458625
13, 9, 1.27581, 11.2356, 12.51141, 0.288353, 4.78599, 5.074343, 0.9915821111111112, 0.44782925000000007, 6.19044
13, 10, 1.24996, 10.8991, 12.14906, 0.28781, 4.77453, 5.062340000000001, 0.9945104, 0.444055, 6.136917500000001
13, 11, 1.23093, 10.5546, 11.785530000000001, 0.287341, 4.72885, 5.016191, 0.9942130909090909, 0.44120725000000005, 6.0481750000000005
13, 12, 1.20402, 10.2148, 11.41882, 0.285764, 4.66045, 4.946214, 0.9944099999999999, 0.4362665, 5.9373000000000005
13, 13, 1.19676, 10.0873, 11.28406, 0.285969, 4.66165, 4.9476189999999995, 0.993477076923077, 0.43556399999999995, 5.9225625
13, 14, 1.17372, 9.75132, 10.92504, 0.286577, 4.57707, 4.863647, 0.9944246428571428, 0.433292, 5.795985
13, 15, 1.16426, 9.61855, 10.782810000000001, 0.28357, 4.5447, 4.82827, 0.9938558666666667, 0.4291025, 5.74701875
13, 16, 1.15083, 9.50587, 10.6567, 0.284381, 4.53732, 4.821701, 0.9949759375, 0.42823475, 5.72555375

14, 1, 1.41594, 13.9342, 15.35014, 0.373458, 5.81751, 6.190968000000001, 1.0, 0.5504505, 7.559285000000001
14, 2, 1.36455, 13.2238, 14.58835, 0.333658, 5.45512, 5.788778, 0.9927455, 0.50422675, 7.1080950000000005
14, 3, 1.3589, 13.0805, 14.439400000000001, 0.315816, 5.30986, 5.6256759999999995, 0.9916473333333333, 0.4856785, 6.9449225
14, 4, 1.34058, 12.8302, 14.17078, 0.306142, 5.20709, 5.513232, 0.99192825, 0.47371450000000004, 6.810865
14, 5, 1.32224, 12.382, 13.70424, 0.300471, 5.09925, 5.3997209999999995, 0.9919361999999999, 0.465751, 6.646999999999999
14, 6, 1.29147, 11.8396, 13.131070000000001, 0.297715, 5.04716, 5.344875, 0.9926305000000001, 0.45914875, 6.52711
14, 7, 1.26216, 11.3749, 12.63706, 0.295332, 4.97324, 5.268572, 0.9939642857142857, 0.453102, 6.3951025
14, 8, 1.23899, 10.926, 12.16499, 0.296721, 4.8945, 5.191221, 0.993579375, 0.45159475000000004, 6.26025
14, 9, 1.21243, 10.5405, 11.75293, 0.294934, 4.78599, 5.0809239999999996, 0.9916032222222222, 0.44648774999999996, 6.1035525
14, 10, 1.18794, 10.1428, 11.330739999999999, 0.29444, 4.77462, 5.0690599999999995, 0.9944586, 0.44293249999999995, 6.04247
14, 11, 1.16716, 9.89883, 11.06599, 0.293052, 4.72885, 5.021902000000001, 0.9942374545454545, 0.438947, 5.96620375
14, 12, 1.14641, 9.65615, 10.80256, 0.290923, 4.66045, 4.951373, 0.9943825833333334, 0.43422425, 5.8674687500000005
14, 13, 1.13575, 9.53397, 10.66972, 0.290131, 4.66165, 4.9517809999999995, 0.9934550769230769, 0.43209975, 5.853396249999999
14, 14, 1.12385, 9.27958, 10.40343, 0.289678, 4.57707, 4.866748, 0.9943914285714286, 0.43015925, 5.7370175
14, 15, 1.11634, 9.24925, 10.365590000000001, 0.286104, 4.5447, 4.830804, 0.9937862666666667, 0.42564650000000004, 5.700856249999999
14, 16, 1.1095, 9.15139, 10.26089, 0.2859, 4.53732, 4.82322, 0.99490075, 0.4245875, 5.68124375

15, 1, 1.38115, 13.5506, 14.93175, 0.373031, 5.81751, 6.1905410000000005, 1.0, 0.54567475, 7.511335000000001
15, 2, 1.36627, 13.3833, 14.74957, 0.330121, 5.45512, 5.785241, 0.9927415, 0.50090475, 7.1280325
15, 3, 1.35246, 13.1408, 14.493260000000001, 0.314154, 5.30986, 5.624014, 0.9916516666666667, 0.4832115, 6.952459999999999
15, 4, 1.32054, 12.6169, 13.937439999999999, 0.307324, 5.20709, 5.514414, 0.991951, 0.47239149999999996, 6.7842025
15, 5, 1.28146, 11.9345, 13.215959999999999, 0.304418, 5.09925, 5.403668, 0.9919888, 0.4646005, 6.5910625
15, 6, 1.24222, 11.2036, 12.44582, 0.303039, 5.04716, 5.350199, 0.9926740000000001, 0.4583165, 6.44761
15, 7, 1.2083, 10.6727, 11.881, 0.300642, 4.97324, 5.2738819999999995, 0.9939947142857143, 0.4516795, 6.3073274999999995
15, 8, 1.17711, 10.1925, 11.369610000000002, 0.302309, 4.8945, 5.196809, 0.993604, 0.44944775000000003, 6.1685625
15, 9, 1.15721, 9.88041, 11.03762, 0.299723, 4.78597, 5.085693, 0.9916126666666667, 0.44437425, 6.0210212499999995
15, 10, 1.13484, 9.52865, 10.663490000000001, 0.297929, 4.77462, 5.0725489999999995, 0.9944649, 0.439784, 5.9657012499999995
15, 11, 1.12281, 9.40728, 10.53009, 0.29569, 4.72885, 5.02454, 0.9941931818181818, 0.43604125000000005, 5.9047600000000005
15, 12, 1.11426, 9.26132, 10.37558, 0.291564, 4.66045, 4.952014, 0.994336, 0.4308465, 5.818115
15, 13, 1.10939, 9.22896, 10.33835, 0.290542, 4.66165, 4.952192, 0.9933978461538462, 0.42921575, 5.81527
15, 14, 1.1055, 9.13219, 10.237689999999999, 0.289231, 4.57707, 4.866301, 0.9943656428571428, 0.42741850000000003, 5.71859375
15, 15, 1.10258, 9.1157, 10.21828, 0.284328, 4.54466, 4.828988000000001, 0.9937438000000001, 0.4221505, 5.684122500000001
15, 16, 1.10099, 9.07678, 10.177769999999999, 0.284256, 4.53732, 4.821576, 0.9948798125, 0.42187975, 5.6719175

16, 1, 1.38115, 13.5582, 14.93935, 0.370426, 5.81751, 6.1879360000000005, 1.0, 0.54306975, 7.512285
16, 2, 1.37171, 13.4647, 14.83641, 0.327898, 5.45512, 5.783018, 0.992756, 0.49936175000000005, 7.1382075
16, 3, 1.33983, 12.9064, 14.24623, 0.314912, 5.30986, 5.624771999999999, 0.9916846666666667, 0.48239075000000003, 6.923159999999999
16, 4, 1.289, 12.0523, 13.3413, 0.310608, 5.20709, 5.517698, 0.9919845, 0.47173299999999996, 6.7136275
16, 5, 1.23728, 11.2457, 12.48298, 0.309774, 5.09925, 5.409024, 0.9920298000000001, 0.464434, 6.5049624999999995
16, 6, 1.19518, 10.494, 11.68918, 0.308474, 5.04716, 5.355634, 0.9927005000000001, 0.4578715, 6.35891
16, 7, 1.16443, 10.0232, 11.187629999999999, 0.305773, 4.97324, 5.279013, 0.9939688571428571, 0.45132675, 6.226139999999999
16, 8, 1.13941, 9.69257, 10.83198, 0.305933, 4.8945, 5.200433, 0.99356925, 0.44835925, 6.106071249999999
16, 9, 1.12697, 9.46416, 10.59113, 0.301798, 4.78597, 5.087768, 0.9916137777777778, 0.44266925, 5.96899
16, 10, 1.11662, 9.2901, 10.40672, 0.298836, 4.77462, 5.073455999999999, 0.9944428999999999, 0.4384135, 5.9358825
16, 11, 1.11206, 9.2601, 10.37216, 0.29498, 4.72885, 5.02383, 0.9941960909090909, 0.4339875, 5.886362500000001
16, 12, 1.10783, 9.21532, 10.32315, 0.289952, 4.66045, 4.950402, 0.9942984166666666, 0.42843074999999997, 5.812365
16, 13, 1.10591, 9.21874, 10.32465, 0.288499, 4.66165, 4.950149, 0.9933942307692308, 0.42673775, 5.8139924999999995
16, 14, 1.10553, 9.15151, 10.25704, 0.286714, 4.57707, 4.863784, 0.9943529285714285, 0.42490525, 5.72100875
16, 15, 1.10544, 9.18204, 10.28748, 0.281664, 4.54466, 4.8263240000000005, 0.9937191333333334, 0.419844, 5.6924150000000004
16, 16, 1.10388, 9.14231, 10.24619, 0.280998, 4.53732, 4.8183180000000005, 0.9948854375, 0.418983, 5.6801087500000005
