branchFactor, leafSize, nodeIntersections, shadowNodeIntersections, allNodeIntersections, leafIntersections, shadowLeafIntersections, allLeafIntersections, leafFullness, cost, shadowCost

2, 1, 4.26664, 54.0276, 58.29424, 0.353175, 5.81762, 6.170795, 1.0, 0.886505, 12.571069999999999
2, 2, 3.96834, 48.9193, 52.88764, 0.318872, 5.45511, 5.773982, 0.992786, 0.8149145, 11.5700225
2, 3, 3.81025, 46.0828, 49.89305, 0.305242, 5.30987, 5.615112, 0.9916746666666666, 0.78152325, 11.070219999999999
2, 4, 3.70205, 44.1533, 47.85535, 0.296695, 5.20712, 5.5038149999999995, 0.9919305, 0.7594512499999999, 10.7262825
2, 5, 3.62122, 42.693, 46.31422, 0.289929, 5.09911, 5.3890389999999995, 0.9919148, 0.7425815, 10.435735
2, 6, 3.55862, 41.5026, 45.06122, 0.284484, 5.04717, 5.331654, 0.9926020000000001, 0.7293115, 10.234995000000001
2, 7, 3.50577, 40.6418, 44.14757, 0.279571, 4.97327, 5.252841, 0.9939144285714285, 0.71779225, 10.053495000000002
2, 8, 3.45858, 39.7295, 43.18808, 0.278027, 4.89456, 5.172587, 0.993505875, 0.7103495, 9.8607475
2, 9, 3.42065, 39.0774, 42.49805, 0.2736, 4.78601, 5.05961, 0.9914394444444444, 0.7011812500000001, 9.670684999999999
2, 10, 3.38216, 38.4318, 41.81396, 0.2712, 4.77464, 5.04584, 0.9944288, 0.69397, 9.578615
2, 11, 3.35204, 37.8834, 41.235440000000004, 0.268377, 4.72887, 4.997247, 0.9941509090909091, 0.6873819999999999, 9.464295
2, 12, 3.32017, 37.318, 40.638169999999995, 0.264303, 4.66046, 4.924763, 0.9942915833333333, 0.6793242500000001, 9.325209999999998
2, 13, 3.29684, 36.9562, 40.253040000000006, 0.263436, 4.6617, 4.925136, 0.9934178461538461, 0.675541, 9.281225
2, 14, 3.27263, 36.4262, 39.69883, 0.26303, 4.57711, 4.84014, 0.9943163571428572, 0.67210875, 9.130385
2, 15, 3.2497, 36.1512, 39.4009, 0.259523, 4.54473, 4.804253, 0.9938275333333333, 0.6657355, 9.06363
2, 16, 3.22796, 35.7268, 38.95476, 0.259366, 4.53734, 4.796706, 0.9949084375, 0.6628609999999999, 9.00319

3, 1, 3.03036, 36.0596, 39.089960000000005, 0.35655, 5.81216, 6.168710000000001, 1.0, 0.7353449999999999, 10.31961
3, 2, 2.83492, 32.6481, 35.483019999999996, 0.330257, 5.59028, 5.9205369999999995, 0.992594, 0.6846220000000001, 9.6712925
3, 3, 2.73172, 30.9098, 33.64152, 0.316957, 5.43698, 5.7539370000000005, 0.99167, 0.6584220000000001, 9.300705
3, 4, 2.65758, 29.5817, 32.23928, 0.309687, 5.34591, 5.655597, 0.9921075, 0.6418845, 9.0436225
3, 5, 2.60231, 28.6766, 31.27891, 0.303705, 5.27148, 5.575185, 0.991174, 0.62899375, 8.856055000000001
3, 6, 2.55463, 27.8023, 30.35693, 0.299085, 5.20216, 5.501245, 0.9928138333333334, 0.61841375, 8.6774475
3, 7, 2.51865, 27.1416, 29.66025, 0.294115, 5.1477, 5.441815, 0.9931869999999999, 0.60894625, 8.5404
3, 8, 2.48507, 26.4858, 28.97087, 0.291549, 5.02673, 5.3182789999999995, 0.993243375, 0.60218275, 8.337455
3, 9, 2.45846, 25.9468, 28.40526, 0.288799, 5.00918, 5.297979, 0.9924757777777778, 0.5961065, 8.25253
3, 10, 2.43128, 25.6015, 28.032780000000002, 0.28476, 4.96795, 5.25271, 0.9928658, 0.58867, 8.1681375
3, 11, 2.41184, 25.2104, 27.62224, 0.28379, 4.87067, 5.154459999999999, 0.9921830909090908, 0.58527, 8.02197
3, 12, 2.38941, 24.8728, 27.262210000000003, 0.279773, 4.87567, 5.155443, 0.9927385833333333, 0.57844925, 7.984770000000001
3, 13, 2.36886, 24.5702, 26.93906, 0.278473, 4.84682, 5.125293, 0.9926058461538462, 0.5745805, 7.918095
3, 14, 2.35526, 24.2278, 26.58306, 0.276208, 4.83177, 5.107977999999999, 0.9938865714285715, 0.5706154999999999, 7.860244999999999
3, 15, 2.33812, 23.7962, 26.13432, 0.27523, 4.76038, 5.035609999999999, 0.9928022666666667, 0.567495, 7.7349049999999995
3, 16, 2.3215, 23.71, 26.0315, 0.272891, 4.70677, 4.979661, 0.992821625, 0.5630785, 7.67052

4, 1, 2.5541, 28.9453, 31.4994, 0.358334, 5.81001, 6.168344, 1.0, 0.6775964999999999, 9.4281725
4, 2, 2.39895, 26.214, 28.612949999999998, 0.336342, 5.68659, 6.022932, 0.992844, 0.63621075, 8.963339999999999
4, 3, 2.31167, 24.7507, 27.062369999999998, 0.327059, 5.69609, 6.023149, 0.9910366666666667, 0.6160177499999999, 8.7899275
4, 4, 2.25286, 23.5372, 25.790059999999997, 0.320353, 5.57826, 5.898613, 0.99129475, 0.6019605, 8.52041
4, 5, 2.20138, 22.7269, 24.92828, 0.313832, 5.47241, 5.786242, 0.9915426, 0.5890044999999999, 8.3132725
4, 6, 2.17335, 22.2325, 24.40585, 0.308252, 5.35939, 5.667642000000001, 0.9920526666666666, 0.5799207500000001, 8.1384525
4, 7, 2.14382, 21.7328, 23.876620000000003, 0.3028, 5.27323, 5.57603, 0.9929184285714285, 0.5707774999999999, 7.9898299999999995
4, 8, 2.11665, 21.3468, 23.46345, 0.300306, 5.13326, 5.433566, 0.99167425, 0.56488725, 7.80161
4, 9, 2.09132, 20.8734, 22.96472, 0.296443, 5.07952, 5.375963, 0.9923156666666666, 0.557858, 7.688694999999999
4, 10, 2.07139, 20.5987, 22.670090000000002, 0.293894, 4.95321, 5.247104, 0.9922641999999999, 0.55281775, 7.5280475000000004
4, 11, 2.05515, 20.3174, 22.37255, 0.292028, 4.88813, 5.1801580000000005, 0.9922080909090909, 0.54892175, 7.427805
4, 12, 2.03463, 19.9442, 21.97883, 0.288384, 4.81465, 5.103034, 0.9938990833333333, 0.54271275, 7.307675
4, 13, 2.0231, 19.7395, 21.7626, 0.285512, 4.74108, 5.026592, 0.992941076923077, 0.5383994999999999, 7.2085175
4, 14, 2.01138, 19.5002, 21.51158, 0.28453, 4.69587, 4.9804, 0.9919090714285714, 0.5359525, 7.133395
4, 15, 1.99654, 19.3056, 21.302139999999998, 0.283094, 4.62903, 4.912124, 0.9929927333333333, 0.5326615, 7.04223
4, 16, 1.97773, 19.0555, 21.03323, 0.281644, 4.64045, 4.922094, 0.99262575, 0.52886025, 7.022387500000001

5, 1, 2.29648, 25.8388, 28.135279999999998, 0.359261, 5.80036, 6.1596210000000005, 1.0, 0.6463209999999999, 9.03021
5, 2, 2.15783, 23.4364, 25.59423, 0.339252, 5.70199, 6.0412420000000004, 0.992205, 0.60898075, 8.631540000000001
5, 3, 2.07957, 22.1827, 24.26227, 0.330437, 5.63682, 5.967257, 0.9909063333333333, 0.5903832499999999, 8.4096575
5, 4, 2.0258, 21.1808, 23.2066, 0.323433, 5.54744, 5.870873, 0.99107525, 0.576658, 8.19504
5, 5, 1.98167, 20.3584, 22.34007, 0.318561, 5.5099, 5.828461, 0.9914856000000001, 0.56626975, 8.0547
5, 6, 1.948, 19.7396, 21.6876, 0.315945, 5.51425, 5.830195, 0.9919446666666666, 0.559445, 7.9817
5, 7, 1.92272, 19.3111, 21.23382, 0.31311, 5.38325, 5.69636, 0.9918072857142857, 0.55345, 7.7971375
5, 8, 1.89387, 18.9396, 20.83347, 0.308249, 5.32013, 5.628379, 0.992123125, 0.54498275, 7.68758
5, 9, 1.87744, 18.5153, 20.39274, 0.306349, 5.25212, 5.558469, 0.9932212222222222, 0.541029, 7.566532499999999
5, 10, 1.86099, 18.222, 20.082990000000002, 0.302484, 5.1454, 5.447884, 0.9917807, 0.53510775, 7.423150000000001
5, 11, 1.84387, 17.9088, 19.75267, 0.300324, 5.15636, 5.456684, 0.9915385454545455, 0.5308077499999999, 7.39496
5, 12, 1.83014, 17.5336, 19.36374, 0.298024, 5.08988, 5.387904, 0.9930615833333333, 0.5267915000000001, 7.28158
5, 13, 1.81687, 17.6249, 19.44177, 0.296483, 5.02478, 5.321263, 0.9914985384615385, 0.52359175, 7.227892499999999
5, 14, 1.8076, 17.3348, 19.142400000000002, 0.292752, 4.93131, 5.224062, 0.9917072142857143, 0.518702, 7.09816
5, 15, 1.7926, 17.1927, 18.9853, 0.292499, 4.97372, 5.266219, 0.9921466, 0.516574, 7.1228075
5, 16, 1.78417, 16.8943, 18.67847, 0.292786, 4.96951, 5.262295999999999, 0.991744, 0.5158072499999999, 7.0812975

6, 1, 2.16869, 23.9712, 26.13989, 0.360188, 5.79981, 6.159998, 1.0, 0.6312742499999999, 8.79621
6, 2, 2.02779, 21.704, 23.73179, 0.34736, 5.82829, 6.17565, 0.9927185, 0.60083375, 8.54129
6, 3, 1.95673, 20.4971, 22.45383, 0.340282, 5.73905, 6.079332, 0.9903113333333334, 0.58487325, 8.3011875
6, 4, 1.91188, 19.6619, 21.57378, 0.33194, 5.66087, 5.99281, 0.99018675, 0.570925, 8.1186075
6, 5, 1.87632, 18.9434, 20.81972, 0.324798, 5.50673, 5.8315280000000005, 0.9909230000000001, 0.559338, 7.874655000000001
6, 6, 1.84321, 18.51, 20.35321, 0.321302, 5.45774, 5.7790420000000005, 0.9922596666666667, 0.55170325, 7.77149
6, 7, 1.81856, 18.1282, 19.94676, 0.314143, 5.35554, 5.669683, 0.9919995714285715, 0.541463, 7.621565
6, 8, 1.79325, 17.7219, 19.515150000000002, 0.313848, 5.34262, 5.656468, 0.991225125, 0.53800425, 7.557857500000001
6, 9, 1.77375, 17.2207, 18.99445, 0.311434, 5.2821, 5.593534, 0.9900436666666665, 0.53315275, 7.4346875
6, 10, 1.75646, 16.9402, 18.69666, 0.309176, 5.15842, 5.4675959999999995, 0.9908336, 0.5287335, 7.275945
6, 11, 1.73911, 16.6829, 18.42201, 0.310109, 5.27305, 5.583158999999999, 0.9914860909090909, 0.52749775, 7.3584125
6, 12, 1.72293, 16.4368, 18.159730000000003, 0.304734, 5.13417, 5.438904, 0.9924344166666667, 0.52010025, 7.18877
6, 13, 1.71023, 16.2015, 17.91173, 0.300622, 5.13942, 5.440042, 0.9908136923076923, 0.51440075, 7.164607500000001
6, 14, 1.7013, 16.1059, 17.807199999999998, 0.301515, 5.20282, 5.504335, 0.9920438571428571, 0.5141775, 7.2160575
6, 15, 1.68935, 15.9092, 17.59855, 0.300568, 5.21038, 5.510948, 0.9918175333333333, 0.51173675, 7.19903
6, 16, 1.68016, 15.7096, 17.38976, 0.299108, 5.13173, 5.4308380000000005, 0.9914161875, 0.509128, 7.09543

7, 1, 2.07273, 22.2241, 24.29683, 0.361393, 5.80081, 6.162203, 1.0, 0.6204842500000001, 8.578822500000001
7, 2, 1.96925, 20.5642, 22.53345, 0.349676, 5.7606, 6.110276, 0.992419, 0.59583225, 8.331125
7, 3, 1.88247, 19.2346, 21.117070000000002, 0.342215, 5.76242, 6.104635, 0.9908333333333333, 0.57752375, 8.166744999999999
7, 4, 1.83372, 18.1965, 20.03022, 0.34212, 5.79489, 6.13701, 0.9902965, 0.5713349999999999, 8.0694525
7, 5, 1.79712, 17.4302, 19.22732, 0.336658, 5.72568, 6.062338, 0.9906744, 0.5612980000000001, 7.904455
7, 6, 1.77477, 17.0119, 18.78667, 0.33341, 5.72331, 6.056719999999999, 0.9909085000000001, 0.55525625, 7.849797499999999
7, 7, 1.75727, 16.7352, 18.492469999999997, 0.325163, 5.69668, 6.021843, 0.9916184285714286, 0.54482175, 7.78858
7, 8, 1.74143, 16.5272, 18.26863, 0.325866, 5.69565, 6.021516, 0.990589875, 0.54354475, 7.76155
7, 9, 1.72242, 16.1748, 17.89722, 0.317445, 5.67314, 5.990585, 0.9910378888888888, 0.5327474999999999, 7.694990000000001
7, 10, 1.70796, 15.7704, 17.478360000000002, 0.316335, 5.7216, 6.037934999999999, 0.990358, 0.52983, 7.6929
7, 11, 1.70131, 15.4197, 17.121010000000002, 0.322278, 5.77941, 6.101688, 0.9923141818181819, 0.53494175, 7.7068725
7, 12, 1.67911, 15.216, 16.89511, 0.317551, 5.78653, 6.104081, 0.9925481666666666, 0.5274397500000001, 7.68853
7, 13, 1.66347, 14.8648, 16.52827, 0.314566, 5.71612, 6.030686, 0.991997923076923, 0.52249975, 7.57422
7, 14, 1.65699, 14.6265, 16.28349, 0.322315, 5.72954, 6.051855, 0.9911234999999999, 0.52943875, 7.5578525
7, 15, 1.63921, 14.4388, 16.07801, 0.32223, 5.78189, 6.10412, 0.9915689333333333, 0.52713125, 7.58674
7, 16, 1.62452, 14.0927, 15.717220000000001, 0.321728, 5.76055, 6.0822780000000005, 0.9925050625, 0.5247930000000001, 7.5221375

8, 1, 2.04028, 21.5924, 23.63268, 0.360149, 5.79739, 6.157539, 1.0, 0.615184, 8.49644
8, 2, 1.88379, 18.809, 20.692790000000002, 0.359362, 5.83678, 6.196142, 0.9932625, 0.59483575, 8.187905
8, 3, 1.81413, 17.8677, 19.681829999999998, 0.349595, 5.80435, 6.153945, 0.9908206666666667, 0.5763612499999999, 8.037812500000001
8, 4, 1.79764, 17.4645, 19.262140000000002, 0.34386, 5.69312, 6.036980000000001, 0.9903885, 0.568565, 7.8761825000000005
8, 5, 1.77671, 17.1532, 18.92991, 0.339288, 5.71046, 6.049748, 0.988842, 0.56137675, 7.85461
8, 6, 1.75611, 16.8191, 18.57521, 0.3396, 5.80873, 6.14833, 0.9899673333333333, 0.5591137500000001, 7.9111175
8, 7, 1.73332, 16.2335, 17.96682, 0.337703, 5.78406, 6.1217630000000005, 0.9925921428571429, 0.554368, 7.8132475
8, 8, 1.70812, 15.8754, 17.58352, 0.343456, 5.84546, 6.188916, 0.9912465, 0.556971, 7.829885
8, 9, 1.67429, 15.3005, 16.97479, 0.338874, 5.8477, 6.186573999999999, 0.9920162222222222, 0.54816025, 7.7602625
8, 10, 1.64546, 14.7273, 16.37276, 0.34237, 5.95058, 6.29295, 0.9909068, 0.5480525, 7.7914925
8, 11, 1.62458, 14.1962, 15.82078, 0.348965, 6.04938, 6.398345, 0.9928074545454546, 0.5520375, 7.823905
8, 12, 1.5948, 13.7996, 15.3944, 0.346449, 6.06307, 6.4095189999999995, 0.9942369166666666, 0.545799, 7.7880199999999995
8, 13, 1.5703, 13.4213, 14.9916, 0.344819, 6.01065, 6.355469, 0.9938483846153846, 0.5411064999999999, 7.6883125
8, 14, 1.5629, 13.2319, 14.794799999999999, 0.351807, 5.98103, 6.332837, 0.9926674999999999, 0.5471695, 7.6350175
8, 15, 1.54423, 12.8825, 14.426730000000001, 0.349841, 5.90556, 6.255401, 0.9935939333333333, 0.54286975, 7.5158725
8, 16, 1.53111, 12.653, 14.18411, 0.349703, 5.95928, 6.308983, 0.992571125, 0.54109175, 7.5409049999999995

9, 1, 1.97375, 20.0344, 22.00815, 0.363095, 5.79155, 6.154645, 1.0, 0.60981375, 8.29585
9, 2, 1.8828, 18.4163, 20.2991, 0.35885, 5.85399, 6.21284, 0.993028, 0.5942000000000001, 8.1560275
9, 3, 1.84263, 17.9238, 19.76643, 0.34827, 5.83582, 6.18409, 0.990452, 0.57859875, 8.076295
9, 4, 1.80906, 17.2823, 19.091359999999998, 0.352554, 5.91445, 6.267004, 0.990998, 0.5786865, 8.074737500000001
9, 5, 1.75964, 16.5523, 18.31194, 0.359054, 6.15209, 6.511144, 0.9917018000000001, 0.579009, 8.2211275
9, 6, 1.71195, 15.7046, 17.41655, 0.366986, 6.24274, 6.609726, 0.9914145, 0.58097975, 8.205815000000001
9, 7, 1.67415, 14.8666, 16.54075, 0.369295, 6.23785, 6.607145, 0.9920438571428571, 0.57856375, 8.096175
9, 8, 1.63991, 14.2905, 15.93041, 0.372054, 6.33877, 6.710824000000001, 0.99152875, 0.5770427499999999, 8.1250825
9, 9, 1.60734, 13.7894, 15.396740000000001, 0.3649, 6.32289, 6.68779, 0.9910226666666667, 0.5658175, 8.046565000000001
9, 10, 1.58325, 13.2756, 14.85885, 0.3604, 6.32304, 6.68344, 0.9911861, 0.55830625, 7.98249
9, 11, 1.57734, 12.9609, 14.53824, 0.361723, 6.25275, 6.614473, 0.9920969090909092, 0.5588905, 7.8728625
9, 12, 1.55691, 12.7484, 14.30531, 0.352353, 6.15898, 6.511333, 0.9929940833333334, 0.5469667500000001, 7.75253
9, 13, 1.55037, 12.642, 14.19237, 0.347693, 6.1477, 6.495393, 0.9938615384615385, 0.5414892499999999, 7.72795
9, 14, 1.55742, 12.5932, 14.15062, 0.348716, 5.97016, 6.3188759999999995, 0.9919472857142857, 0.5433935000000001, 7.544309999999999
9, 15, 1.54527, 12.4442, 13.98947, 0.339496, 5.78748, 6.126976000000001, 0.9919476666666667, 0.5326547500000001, 7.343005000000001
9, 16, 1.54261, 12.3875, 13.930109999999999, 0.33466, 5.76423, 6.098890000000001, 0.991706125, 0.52748625, 7.3126675

10, 1, 1.97015, 19.1914, 21.161550000000002, 0.362031, 5.79028, 6.152311, 1.0, 0.60829975, 8.189205000000001
10, 2, 1.91362, 18.2919, 20.20552, 0.36007, 5.80113, 6.1612, 0.992711, 0.5992725, 8.0876175
10, 3, 1.82777, 17.1339, 18.96167, 0.36131, 5.87813, 6.23944, 0.9904356666666666, 0.58978125, 8.0198675
10, 4, 1.76612, 16.0091, 17.77522, 0.371368, 6.03139, 6.402758, 0.9906505, 0.592133, 8.0325275
10, 5, 1.71092, 15.177, 16.88792, 0.374288, 6.0134, 6.387688, 0.9918848, 0.588153, 7.910525
10, 6, 1.67006, 14.5558, 16.22586, 0.378306, 6.03069, 6.408996, 0.9918281666666666, 0.5870635, 7.850165
10, 7, 1.65014, 14.0885, 15.73864, 0.371597, 5.91746, 6.289057000000001, 0.9920922857142856, 0.5778645, 7.6785225
10, 8, 1.63288, 13.8165, 15.44938, 0.368095, 5.95385, 6.321945, 0.990151, 0.5722050000000001, 7.6809125
10, 9, 1.61964, 13.6509, 15.27054, 0.352845, 5.71563, 6.068475, 0.9895542222222223, 0.5553, 7.4219925
10, 10, 1.61052, 13.4236, 15.03412, 0.34681, 5.76256, 6.109369999999999, 0.9905569, 0.548125, 7.44051
10, 11, 1.61359, 13.3704, 14.98399, 0.341775, 5.54826, 5.890035, 0.9908236363636364, 0.54347375, 7.2195599999999995
10, 12, 1.60423, 13.3853, 14.98953, 0.333707, 5.49512, 5.828827, 0.9914074166666667, 0.53423575, 7.1682825
10, 13, 1.60107, 13.4171, 15.01817, 0.331345, 5.45409, 5.785435, 0.9917105384615384, 0.53147875, 7.1312275
10, 14, 1.60677, 13.2738, 14.880569999999999, 0.33268, 5.36497, 5.697649999999999, 0.9897959285714286, 0.53352625, 7.024195
10, 15, 1.59766, 13.1621, 14.75976, 0.33004, 5.344, 5.674040000000001, 0.9913636, 0.5297475, 6.989262500000001
10, 16, 1.59008, 13.0424, 14.632480000000001, 0.324611, 5.30116, 5.625771, 0.989349375, 0.523371, 6.93146

11, 1, 2.01265, 19.2102, 21.22285, 0.359821, 5.7883, 6.148121, 1.0, 0.61140225, 8.189575
11, 2, 1.89421, 17.5611, 19.45531, 0.36973, 5.95179, 6.32152, 0.992992, 0.60650625, 8.1469275
11, 3, 1.78958, 15.8424, 17.63198, 0.379736, 6.15944, 6.539176, 0.9907273333333334, 0.6034335, 8.13974
11, 4, 1.73327, 14.7871, 16.52037, 0.380957, 6.28183, 6.662787, 0.990703, 0.59761575, 8.1302175
11, 5, 1.70371, 14.2907, 15.994409999999998, 0.378478, 6.25615, 6.634628, 0.9913884, 0.59144175, 8.0424875
11, 6, 1.68524, 13.9178, 15.60304, 0.37133, 6.15839, 6.52972, 0.9921406666666667, 0.581985, 7.898115
11, 7, 1.68174, 13.6966, 15.37834, 0.359981, 5.94269, 6.302671, 0.9915911428571428, 0.5701985, 7.654764999999999
11, 8, 1.67455, 13.6516, 15.32615, 0.354902, 5.93973, 6.294632, 0.988867875, 0.56422075, 7.64618
11, 9, 1.66926, 13.6088, 15.27806, 0.347659, 5.74173, 6.089389, 0.9888966666666666, 0.5563165, 7.44283
11, 10, 1.66135, 13.5082, 15.169550000000001, 0.342659, 5.65909, 6.001749, 0.9891142, 0.55032775, 7.347615
11, 11, 1.65752, 13.2976, 14.955119999999999, 0.336073, 5.58131, 5.917383, 0.9908068181818183, 0.543263, 7.243510000000001
11, 12, 1.6451, 13.3114, 14.9565, 0.334341, 5.55054, 5.884881, 0.9909441666666666, 0.5399785, 7.214465
11, 13, 1.6332, 13.1443, 14.7775, 0.337172, 5.50823, 5.845402, 0.9924503076923077, 0.5413220000000001, 7.1512675
11, 14, 1.618, 12.9672, 14.5852, 0.335387, 5.44149, 5.776877, 0.9909112142857143, 0.537637, 7.06239
11, 15, 1.61477, 12.8698, 14.48457, 0.333444, 5.50936, 5.842804, 0.9930672666666667, 0.5352902500000001, 7.118085
11, 16, 1.60446, 12.5804, 14.184859999999999, 0.331931, 5.48298, 5.814911, 0.9899615625, 0.5324884999999999, 7.05553

12, 1, 2.03051, 18.9093, 20.93981, 0.360621, 5.78416, 6.144781, 1.0, 0.61443475, 8.1478225
12, 2, 1.86687, 16.5088, 18.37567, 0.384072, 6.11606, 6.500132, 0.9932445, 0.61743075, 8.17966
12, 3, 1.78662, 15.1626, 16.94922, 0.386304, 6.26956, 6.655864, 0.9904443333333334, 0.6096315, 8.164885
12, 4, 1.76067, 14.6065, 16.36717, 0.377018, 6.27053, 6.647548, 0.99009075, 0.59710175, 8.0963425
12, 5, 1.74511, 14.2738, 16.018909999999998, 0.371705, 6.17077, 6.5424750000000005, 0.9907596, 0.58984375, 7.954995
12, 6, 1.73038, 14.1433, 15.87368, 0.361331, 6.01216, 6.373491, 0.9912706666666667, 0.5776285, 7.780072499999999
12, 7, 1.72988, 13.9731, 15.70298, 0.354192, 5.87781, 6.2320020000000005, 0.991328, 0.570427, 7.6244475000000005
12, 8, 1.71742, 13.7861, 15.50352, 0.353235, 5.83032, 6.183555, 0.990045, 0.5679125, 7.5535825
12, 9, 1.70918, 13.7226, 15.43178, 0.348655, 5.69831, 6.046965, 0.988677888888889, 0.5623024999999999, 7.413635
12, 10, 1.6929, 13.5832, 15.2761, 0.34881, 5.68334, 6.032150000000001, 0.9891681999999999, 0.5604225, 7.38124
12, 11, 1.6781, 13.1983, 14.8764, 0.346645, 5.58831, 5.9349549999999995, 0.9906007272727273, 0.5564074999999999, 7.2380975
12, 12, 1.65986, 12.904, 14.56386, 0.346095, 5.55155, 5.897645, 0.9909629166666667, 0.5535775, 7.16455
12, 13, 1.64225, 12.8132, 14.45545, 0.349891, 5.54406, 5.893951, 0.9918945384615385, 0.55517225, 7.14571
12, 14, 1.62138, 12.4528, 14.07418, 0.351217, 5.54356, 5.894777, 0.9906887857142858, 0.5538895, 7.100160000000001
12, 15, 1.61176, 12.2495, 13.86126, 0.34835, 5.6192, 5.96755, 0.9929560666666667, 0.54982, 7.1503875
12, 16, 1.59102, 11.9272, 13.51822, 0.352521, 5.54153, 5.894051, 0.9896783125, 0.5513985, 7.03243

13, 1, 1.96196, 17.5905, 19.55246, 0.36482, 5.79133, 6.15615, 1.0, 0.610065, 7.9901425
13, 2, 1.81522, 15.3369, 17.15212, 0.387172, 6.21107, 6.598242, 0.993392, 0.6140745000000001, 8.128182500000001
13, 3, 1.77626, 14.6215, 16.397759999999998, 0.375008, 6.1801, 6.555108000000001, 0.9905023333333333, 0.5970405, 8.007787500000001
13, 4, 1.77148, 14.4509, 16.22238, 0.361997, 6.06382, 6.4258169999999994, 0.98987275, 0.583432, 7.8701825
13, 5, 1.75818, 14.2231, 15.98128, 0.358115, 5.9412, 6.299315, 0.990909, 0.5778875, 7.7190875000000005
13, 6, 1.73869, 14.0143, 15.75299, 0.356157, 5.87284, 6.228997, 0.9897071666666667, 0.5734932500000001, 7.6246275
13, 7, 1.72514, 13.6687, 15.393839999999999, 0.351592, 5.80891, 6.160502, 0.9905672857142857, 0.5672345, 7.5174975
13, 8, 1.70247, 13.3263, 15.02877, 0.353861, 5.84052, 6.194381, 0.990764625, 0.56666975, 7.5063075
13, 9, 1.68239, 13.1143, 14.79669, 0.350749, 5.7044, 6.055149, 0.990399111111111, 0.56104775, 7.3436875
13, 10, 1.66379, 12.725, 14.38879, 0.356068, 5.75733, 6.113397999999999, 0.9914909, 0.56404175, 7.347955
13, 11, 1.63855, 12.3342, 13.97275, 0.355731, 5.73006, 6.085791, 0.9921604545454545, 0.5605497500000001, 7.271834999999999
13, 12, 1.61228, 11.8861, 13.498380000000001, 0.355395, 5.60901, 5.964404999999999, 0.99121275, 0.55693, 7.0947724999999995
13, 13, 1.5952, 11.6064, 13.201600000000001, 0.357178, 5.60251, 5.959688, 0.9911623076923076, 0.556578, 7.05331
13, 14, 1.57186, 11.3619, 12.93376, 0.360083, 5.62379, 5.983873, 0.9917860714285714, 0.5565655, 7.044027499999999
13, 15, 1.55778, 11.1677, 12.72548, 0.359881, 5.59915, 5.9590309999999995, 0.98809, 0.5546035, 6.995112499999999
13, 16, 1.53795, 10.8591, 12.39705, 0.35865, 5.54887, 5.90752, 0.98937675, 0.55089375, 6.9062575

14, 1, 1.92394, 16.335, 18.258940000000003, 0.36876, 5.78645, 6.15521, 1.0, 0.6092525, 7.828325
14, 2, 1.83804, 15.1423, 16.98034, 0.381243, 6.04644, 6.427683, 0.993006, 0.6109979999999999, 7.939227499999999
14, 3, 1.82166, 14.9106, 16.73226, 0.364244, 5.91929, 6.283534, 0.9904693333333333, 0.5919515, 7.7831150000000004
14, 4, 1.81317, 14.6648, 16.47797, 0.357147, 5.82584, 6.182987000000001, 0.9891775, 0.58379325, 7.65894
14, 5, 1.78412, 14.195, 15.97912, 0.361358, 5.76221, 6.123568, 0.99056, 0.584373, 7.536585
14, 6, 1.75074, 13.7616, 15.51234, 0.361943, 5.84606, 6.208003, 0.9893550000000001, 0.5807855, 7.56626
14, 7, 1.71876, 13.1306, 14.849359999999999, 0.361167, 5.76156, 6.122727, 0.9897611428571428, 0.576012, 7.402885
14, 8, 1.68973, 12.6099, 14.29963, 0.366662, 5.80436, 6.171022, 0.989950375, 0.5778782499999999, 7.3805975
14, 9, 1.65523, 12.1686, 13.82383, 0.368883, 5.76496, 6.133843000000001, 0.989871111111111, 0.57578675, 7.286035
14, 10, 1.62976, 11.5857, 13.21546, 0.371072, 5.76061, 6.131682, 0.9918127, 0.574792, 7.2088225
14, 11, 1.60579, 11.2158, 12.82159, 0.369615, 5.73027, 6.0998850000000004, 0.9912721818181819, 0.57033875, 7.132245
14, 12, 1.583, 10.8443, 12.4273, 0.370802, 5.6604, 6.031202, 0.989916, 0.568677, 7.0159375
14, 13, 1.56234, 10.5798, 12.142140000000001, 0.370965, 5.58356, 5.954525, 0.9907385384615384, 0.5662575, 6.906035
14, 14, 1.54623, 10.4786, 12.02483, 0.369412, 5.57798, 5.947392, 0.9895323571428571, 0.56269075, 6.887805
14, 15, 1.53702, 10.2709, 11.80792, 0.368096, 5.48028, 5.848376, 0.9863119333333333, 0.5602235, 6.764142499999999
14, 16, 1.52062, 10.1051, 11.625720000000001, 0.363981, 5.38649, 5.750471, 0.9890180625, 0.5540585, 6.6496275

15, 1, 1.92284, 15.9881, 17.91094, 0.369624, 5.78474, 6.154364, 1.0, 0.609979, 7.7832525
15, 2, 1.88537, 15.4873, 17.37267, 0.375715, 6.04463, 6.420344999999999, 0.9925275, 0.61138625, 7.980542499999999
15, 3, 1.86341, 15.2471, 17.110509999999998, 0.364141, 5.99079, 6.354931, 0.990854, 0.59706725, 7.896677499999999
15, 4, 1.83452, 14.6028, 16.43732, 0.368838, 6.00193, 6.370768, 0.989634, 0.5981529999999999, 7.82728
15, 5, 1.78969, 13.9078, 15.69749, 0.375359, 6.09313, 6.468489, 0.9895606000000001, 0.59907025, 7.831605000000001
15, 6, 1.73954, 13.0667, 14.80624, 0.377593, 6.17264, 6.550233, 0.9891808333333333, 0.5950355, 7.805977500000001
15, 7, 1.70385, 12.4376, 14.141449999999999, 0.379658, 6.15995, 6.539608, 0.9900041428571429, 0.59263925, 7.714650000000001
15, 8, 1.66599, 11.758, 13.42399, 0.386712, 6.16582, 6.552532, 0.988164875, 0.59496075, 7.6355699999999995
15, 9, 1.6325, 11.1878, 12.8203, 0.383707, 5.95666, 6.3403670000000005, 0.9895615555555555, 0.5877695000000001, 7.355135000000001
15, 10, 1.60771, 10.7579, 12.36561, 0.385402, 5.96907, 6.354472, 0.9913407, 0.58636575, 7.3138075
15, 11, 1.59276, 10.5052, 12.09796, 0.378913, 5.80533, 6.1842429999999995, 0.9907703636363636, 0.578008, 7.11848
15, 12, 1.57818, 10.2819, 11.86008, 0.379358, 5.66435, 6.043708, 0.9894656666666667, 0.5766304999999999, 6.9495875
15, 13, 1.56025, 10.1594, 11.71965, 0.374828, 5.54103, 5.915858, 0.9890900769230769, 0.5698592499999999, 6.810955
15, 14, 1.55353, 10.1618, 11.71533, 0.372826, 5.48249, 5.855316, 0.9891162857142858, 0.56701725, 6.752715
15, 15, 1.5469, 10.0432, 11.5901, 0.369167, 5.37904, 5.748207, 0.9859243333333333, 0.5625295, 6.63444
15, 16, 1.53954, 9.98199, 11.52153, 0.364188, 5.22132, 5.585508000000001, 0.98811025, 0.5566305, 6.46906875

16, 1, 1.89935, 15.9936, 17.89295, 0.367786, 5.78618, 6.153966, 1.0, 0.60520475, 7.78538
16, 2, 1.88162, 15.7404, 17.62202, 0.369191, 6.07158, 6.440771, 0.992512, 0.6043935, 8.03913
16, 3, 1.83802, 15.1034, 16.94142, 0.365463, 6.07919, 6.444653, 0.990004, 0.5952155, 7.967115
16, 4, 1.77842, 14.1306, 15.90902, 0.37661, 6.19069, 6.5673, 0.9899845, 0.5989125, 7.957015
16, 5, 1.71965, 13.0904, 14.81005, 0.38382, 6.28274, 6.6665600000000005, 0.9893878, 0.59877625, 7.919040000000001
16, 6, 1.66346, 12.1521, 13.815560000000001, 0.386715, 6.33684, 6.723554999999999, 0.9891005, 0.5946475, 7.855852499999999
16, 7, 1.6272, 11.479, 13.1062, 0.383788, 6.24128, 6.625068, 0.9904052857142858, 0.587188, 7.676155
16, 8, 1.59161, 10.9157, 12.507309999999999, 0.38964, 6.17302, 6.56266, 0.98810775, 0.58859125, 7.5374825
16, 9, 1.57169, 10.5701, 12.14179, 0.385243, 5.97537, 6.360613, 0.9892153333333334, 0.58170425, 7.296632499999999
16, 10, 1.55793, 10.3243, 11.88223, 0.381995, 5.8424, 6.2243949999999995, 0.9905256, 0.57673625, 7.1329375
16, 11, 1.54888, 10.2041, 11.75298, 0.371221, 5.66637, 6.037591, 0.9900148181818181, 0.5648310000000001, 6.9418825
16, 12, 1.53953, 10.0969, 11.63643, 0.369665, 5.49232, 5.861985000000001, 0.9868683333333333, 0.56210625, 6.7544325
16, 13, 1.53623, 10.058, 11.59423, 0.364343, 5.37768, 5.742023, 0.9899975384615385, 0.5563717499999999, 6.63493
16, 14, 1.53451, 10.1635, 11.69801, 0.360355, 5.24922, 5.609575, 0.9887130714285715, 0.55216875, 6.5196575
16, 15, 1.53146, 10.106, 11.63746, 0.353006, 5.10037, 5.453376, 0.9860797333333333, 0.5444385, 6.36362
16, 16, 1.5297, 10.1147, 11.6444, 0.348646, 4.97539, 5.3240359999999995, 0.986997, 0.5398585, 6.2397275
