branchFactor, leafSize, nodeIntersections, shadowNodeIntersections, allNodeIntersections, leafIntersections, shadowLeafIntersections, allLeafIntersections, leafFullness, cost, shadowCost

2, 1, 51.8037, 23.5163, 75.32, 2.41775, 0.618184, 3.0359339999999997, 1.0, 8.8932125, 3.5577215
2, 2, 49.7499, 22.7471, 72.497, 2.05036, 0.682325, 2.732685, 0.996373, 8.269097499999999, 3.5257125
2, 3, 48.6638, 22.3796, 71.0434, 2.97288, 1.16581, 4.13869, 0.9883343333333333, 9.055855000000001, 3.96326
2, 4, 47.9333, 22.1642, 70.0975, 2.62246, 1.12572, 3.7481799999999996, 0.977382, 8.6141225, 3.8962450000000004
2, 5, 47.2427, 21.7376, 68.9803, 2.77919, 1.11058, 3.8897699999999995, 0.9669576, 8.6845275, 3.8277799999999997
2, 6, 46.3312, 21.5349, 67.8661, 2.54634, 1.07122, 3.61756, 0.9702408333333333, 8.33774, 3.7630825000000003
2, 7, 45.9967, 21.2678, 67.2645, 2.59051, 1.06215, 3.65266, 0.9681927142857143, 8.340097499999999, 3.720625
2, 8, 45.777, 21.1627, 66.9397, 2.45522, 1.10169, 3.5569100000000002, 0.9714465, 8.177345, 3.7470275
2, 9, 45.5327, 21.0388, 66.5715, 2.65797, 1.17447, 3.83244, 0.9675173333333333, 8.3495575, 3.8043199999999997
2, 10, 45.4258, 20.9338, 66.3596, 2.58089, 1.11767, 3.69856, 0.9703055, 8.259115000000001, 3.734395
2, 11, 45.1596, 20.8941, 66.05369999999999, 2.62959, 1.19047, 3.82006, 0.9723416363636364, 8.27454, 3.8022325
2, 12, 44.8815, 20.6918, 65.5733, 2.61469, 1.13685, 3.75154, 0.97580725, 8.2248775, 3.723325
2, 13, 44.5494, 20.5614, 65.1108, 2.59891, 1.13487, 3.7337800000000003, 0.9710630769230769, 8.167584999999999, 3.705045
2, 14, 44.4174, 20.4905, 64.9079, 2.56639, 1.19513, 3.76152, 0.9728202857142857, 8.118565, 3.7564425000000004
2, 15, 44.0755, 20.3863, 64.4618, 2.6187, 1.21735, 3.83605, 0.9760587333333334, 8.1281375, 3.7656374999999995
2, 16, 43.976, 20.3463, 64.3223, 2.53238, 1.17482, 3.7072, 0.968606, 8.02938, 3.7181075

3, 1, 36.2691, 16.0693, 52.3384, 2.43796, 0.617346, 3.055306, 1.0, 6.9715975, 2.6260084999999997
3, 2, 34.768, 15.5913, 50.359300000000005, 2.06328, 0.669594, 2.732874, 0.996398, 6.40928, 2.6185065
3, 3, 33.889, 15.2499, 49.13890000000001, 2.97787, 1.10941, 4.08728, 0.988627, 7.213995000000001, 3.0156475
3, 4, 33.5106, 15.2316, 48.7422, 2.68393, 1.14829, 3.8322200000000004, 0.97835125, 6.872755, 3.0522400000000003
3, 5, 33.2082, 14.954, 48.1622, 2.828, 1.10592, 3.9339199999999996, 0.9666758, 6.979025, 2.9751700000000003
3, 6, 32.4535, 14.8628, 47.3163, 2.60576, 1.07292, 3.67868, 0.9698431666666667, 6.6624475, 2.93077
3, 7, 32.2469, 14.585, 46.8319, 2.65647, 1.05627, 3.71274, 0.9682782857142858, 6.6873325, 2.879395
3, 8, 32.0316, 14.5378, 46.5694, 2.47864, 1.05509, 3.5337300000000003, 0.9662475, 6.48259, 2.8723150000000004
3, 9, 31.8657, 14.4718, 46.3375, 2.72753, 1.17369, 3.9012199999999995, 0.9673878888888888, 6.7107425, 2.982665
3, 10, 31.7471, 14.3639, 46.111, 2.63539, 1.11783, 3.7532200000000002, 0.970135, 6.6037775, 2.9133175
3, 11, 31.6562, 14.4317, 46.0879, 2.69192, 1.19295, 3.8848700000000003, 0.971786090909091, 6.648944999999999, 2.9969124999999996
3, 12, 31.3301, 14.1554, 45.4855, 2.67764, 1.12237, 3.80001, 0.975696, 6.5939025, 2.891795
3, 13, 31.1922, 14.1976, 45.3898, 2.66854, 1.15951, 3.82805, 0.9714603846153846, 6.567565, 2.93421
3, 14, 31.1191, 14.0314, 45.1505, 2.64494, 1.17776, 3.8227, 0.9770440714285714, 6.5348275000000005, 2.931685
3, 15, 30.7707, 13.9728, 44.7435, 2.7022, 1.21638, 3.91858, 0.9769942, 6.5485375, 2.96298
3, 16, 30.7726, 14.028, 44.8006, 2.6561, 1.23489, 3.89099, 0.9739381875, 6.502675, 2.98839

4, 1, 28.9143, 12.2057, 41.120000000000005, 2.46967, 0.617257, 3.0869269999999998, 1.0, 6.0839575, 2.1429695
4, 2, 27.7434, 11.7318, 39.4752, 2.09908, 0.692592, 2.7916719999999997, 0.9964555, 5.567005, 2.159067
4, 3, 27.1017, 11.633, 38.734700000000004, 3.01765, 1.11155, 4.1292, 0.9882753333333333, 6.405362500000001, 2.5656749999999997
4, 4, 26.8118, 11.5975, 38.4093, 2.72451, 1.15574, 3.88025, 0.97809625, 6.075985, 2.6054275000000002
4, 5, 26.3921, 11.334, 37.7261, 2.87204, 1.11363, 3.98567, 0.9680402000000001, 6.1710525, 2.53038
4, 6, 25.9047, 11.201, 37.1057, 2.64018, 1.06806, 3.70824, 0.9708345, 5.8782675, 2.468185
4, 7, 25.6671, 11.0864, 36.7535, 2.69732, 1.05726, 3.75458, 0.9693822857142856, 5.9057075, 2.44306
4, 8, 25.6161, 11.0037, 36.6198, 2.53729, 1.06242, 3.59971, 0.96672425, 5.7393025, 2.4378824999999997
4, 9, 25.5243, 11.0409, 36.565200000000004, 2.78717, 1.17832, 3.96549, 0.9677902222222223, 5.9777075, 2.5584325000000003
4, 10, 25.3669, 10.8647, 36.2316, 2.69625, 1.1176, 3.81385, 0.9701591, 5.8671125, 2.4756875
4, 11, 25.1862, 10.8614, 36.0476, 2.76002, 1.19305, 3.95307, 0.9728741818181817, 5.908295, 2.550725
4, 12, 25.1026, 10.7145, 35.817099999999996, 2.72372, 1.13048, 3.8542, 0.9759898333333333, 5.861545, 2.4697924999999996
4, 13, 24.87, 10.6688, 35.5388, 2.74796, 1.13792, 3.8858800000000002, 0.9721876923076922, 5.85671, 2.47152
4, 14, 24.7985, 10.6863, 35.4848, 2.68261, 1.19191, 3.87452, 0.9773562142857143, 5.7824225, 2.5276975
4, 15, 24.5968, 10.5541, 35.1509, 2.75005, 1.2125, 3.96255, 0.9761814666666666, 5.82465, 2.5317625
4, 16, 24.5386, 10.5637, 35.1023, 2.69473, 1.23494, 3.9296699999999998, 0.975619875, 5.762055, 2.5554025

5, 1, 25.5561, 10.7988, 36.3549, 2.49554, 0.616589, 3.1121290000000004, 1.0, 5.6900525, 1.966439
5, 2, 24.5989, 10.4243, 35.0232, 2.11409, 0.674462, 2.788552, 0.9963075, 5.1889525, 1.9774995
5, 3, 24.0575, 10.3384, 34.3959, 3.05271, 1.11856, 4.17127, 0.9885033333333334, 6.0598975, 2.41086
5, 4, 23.7842, 10.3914, 34.1756, 2.75381, 1.14925, 3.90306, 0.97798775, 5.7268349999999995, 2.448175
5, 5, 23.3567, 10.0229, 33.379599999999996, 2.93966, 1.10971, 4.04937, 0.9677548, 5.8592475, 2.3625724999999997
5, 6, 23.0033, 10.1037, 33.107, 2.69952, 1.0781, 3.77762, 0.9711673333333333, 5.5749325, 2.3410625
5, 7, 22.7287, 9.87535, 32.60405, 2.75461, 1.05726, 3.81187, 0.969437, 5.5956975, 2.29167875
5, 8, 22.7089, 9.86588, 32.574780000000004, 2.6013, 1.0537, 3.6550000000000002, 0.96658975, 5.4399125, 2.286935
5, 9, 22.6003, 9.78502, 32.38532, 2.81913, 1.17587, 3.995, 0.9678723333333333, 5.6441675, 2.3989975
5, 10, 22.4729, 9.70511, 32.17801, 2.72611, 1.12016, 3.8462699999999996, 0.9705059, 5.5352225, 2.33329875
5, 11, 22.3363, 9.75317, 32.089470000000006, 2.79769, 1.19778, 3.99547, 0.9723593636363635, 5.5897275, 2.4169262500000004
5, 12, 22.308, 9.66768, 31.97568, 2.76348, 1.12374, 3.88722, 0.97592, 5.55198, 2.3322000000000003
5, 13, 22.1374, 9.55948, 31.69688, 2.77744, 1.16258, 3.9400199999999996, 0.9722843076923078, 5.544615, 2.3575150000000002
5, 14, 21.9889, 9.51307, 31.50197, 2.75085, 1.19136, 3.9422099999999998, 0.9778313571428571, 5.4994625, 2.3804937500000003
5, 15, 21.8439, 9.45684, 31.30074, 2.7956, 1.2203, 4.0159, 0.9764316666666667, 5.5260875, 2.402405
5, 16, 21.8154, 9.46595, 31.28135, 2.75683, 1.23527, 3.9920999999999998, 0.97202225, 5.483755, 2.41851375

6, 1, 23.9485, 9.59728, 33.54578, 2.52669, 0.617193, 3.1438829999999998, 1.0, 5.5202525, 1.816853
6, 2, 22.972, 9.26398, 32.23598, 2.06571, 0.698805, 2.7645150000000003, 0.9971155, 4.93721, 1.8568025000000001
6, 3, 22.5719, 9.11719, 31.68909, 3.14654, 1.17555, 4.32209, 0.9882093333333333, 5.9680275, 2.3151987500000004
6, 4, 22.1614, 9.01583, 31.17723, 2.71178, 1.06851, 3.78029, 0.978779, 5.481955, 2.19548875
6, 5, 21.8661, 8.88908, 30.75518, 2.99119, 1.13892, 4.13011, 0.9678106, 5.7244525, 2.2500549999999997
6, 6, 21.5788, 8.81989, 30.398690000000002, 2.70126, 1.02053, 3.72179, 0.9689233333333332, 5.39861, 2.12301625
6, 7, 21.5298, 8.71861, 30.24841, 2.83952, 1.09389, 3.93341, 0.9695417142857143, 5.530745, 2.18371625
6, 8, 21.3417, 8.66611, 30.00781, 2.60377, 1.04071, 3.6444799999999997, 0.970651625, 5.271482499999999, 2.12397375
6, 9, 21.2384, 8.61079, 29.84919, 2.79123, 1.20263, 3.99386, 0.9672762222222223, 5.44603, 2.2789787500000003
6, 10, 20.9812, 8.49261, 29.47381, 2.77184, 1.11184, 3.88368, 0.9624593000000001, 5.39449, 2.17341625
6, 11, 20.9661, 8.44316, 29.409260000000003, 2.85791, 1.13931, 3.99722, 0.9612756363636364, 5.4786725, 2.194705
6, 12, 20.9033, 8.49182, 29.395120000000002, 2.76935, 1.1265, 3.8958500000000003, 0.9686524166666667, 5.3822625, 2.1879775
6, 13, 20.9157, 8.50073, 29.416430000000002, 2.80572, 1.21132, 4.01704, 0.9694215384615384, 5.4201825, 2.2739112500000003
6, 14, 20.7447, 8.36349, 29.10819, 2.77386, 1.17768, 3.95154, 0.9780532857142857, 5.3669475, 2.2231162500000003
6, 15, 20.564, 8.30725, 28.87125, 2.85079, 1.21023, 4.06102, 0.9747297333333333, 5.42129, 2.2486362499999997
6, 16, 20.3903, 8.29984, 28.69014, 2.70076, 1.17372, 3.87448, 0.977288, 5.2495475, 2.2112

7, 1, 21.4961, 8.80618, 30.302279999999996, 2.55524, 0.617286, 3.172526, 1.0, 5.242252499999999, 1.7180585
7, 2, 20.5782, 8.48454, 29.062739999999998, 2.09373, 0.692909, 2.786639, 0.9969865, 4.666005, 1.7534765
7, 3, 20.3898, 8.45387, 28.843670000000003, 3.17334, 1.16699, 4.34033, 0.9881319999999999, 5.722065000000001, 2.22372375
7, 4, 20.1632, 8.42142, 28.58462, 2.76769, 1.10483, 3.8725199999999997, 0.97885375, 5.28809, 2.1575075
7, 5, 19.7582, 8.23767, 27.995869999999996, 3.01414, 1.137, 4.15114, 0.9674658, 5.483915, 2.1667087499999997
7, 6, 19.3452, 8.12876, 27.473959999999998, 2.75155, 1.03411, 3.78566, 0.9692441666666666, 5.1697, 2.050205
7, 7, 19.2404, 8.02499, 27.265390000000004, 2.94843, 1.13753, 4.08596, 0.9691874285714286, 5.35348, 2.1406537500000002
7, 8, 19.0143, 7.93868, 26.952979999999997, 2.72989, 1.08684, 3.81673, 0.9724195, 5.1066775, 2.079175
7, 9, 18.8147, 7.90694, 26.721639999999997, 2.8557, 1.20201, 4.05771, 0.9678232222222223, 5.2075375, 2.1903775
7, 10, 18.6582, 7.82341, 26.48161, 2.87254, 1.1168, 3.98934, 0.9635061, 5.204815, 2.09472625
7, 11, 18.7307, 7.74729, 26.47799, 2.92585, 1.13778, 4.06363, 0.9609898181818182, 5.2671875, 2.10619125
7, 12, 18.6064, 7.80016, 26.40656, 2.83203, 1.12806, 3.96009, 0.9689530833333334, 5.157830000000001, 2.1030800000000003
7, 13, 18.5415, 7.79725, 26.338749999999997, 2.86137, 1.20628, 4.06765, 0.9703214615384615, 5.1790575, 2.1809362500000002
7, 14, 18.4549, 7.70423, 26.159129999999998, 2.81465, 1.2076, 4.02225, 0.9739122142857143, 5.1215125, 2.17062875
7, 15, 18.3709, 7.68357, 26.05447, 2.91518, 1.21474, 4.12992, 0.9746721333333334, 5.2115425, 2.17518625
7, 16, 18.2142, 7.64735, 25.86155, 2.75682, 1.17458, 3.9314, 0.9769453125, 5.033595, 2.13049875

8, 1, 20.7503, 8.45681, 29.20711, 2.55803, 0.617099, 3.175129, 1.0, 5.1518175, 1.6742002500000002
8, 2, 19.8269, 8.08454, 27.91144, 2.08505, 0.684309, 2.7693589999999997, 0.997018, 4.5634125, 1.6948765
8, 3, 19.4676, 7.94001, 27.407610000000002, 3.23593, 1.17307, 4.409000000000001, 0.9879193333333333, 5.66938, 2.16557125
8, 4, 18.9774, 7.81445, 26.79185, 2.82001, 1.04969, 3.8697, 0.97963375, 5.192185, 2.02649625
8, 5, 18.7803, 7.71772, 26.49802, 3.05659, 1.11453, 4.17112, 0.9698401999999999, 5.4041274999999995, 2.0792450000000002
8, 6, 18.5182, 7.68035, 26.19855, 2.77757, 1.02376, 3.80133, 0.9692638333333333, 5.092345, 1.9838037499999999
8, 7, 18.5631, 7.57752, 26.14062, 2.894, 1.09211, 3.98611, 0.9696482857142856, 5.2143875, 2.0393
8, 8, 18.7346, 7.5702, 26.3048, 2.66151, 1.03331, 3.69482, 0.97130875, 5.003335, 1.979585
8, 9, 18.3413, 7.51135, 25.85265, 2.79219, 1.19954, 3.9917300000000004, 0.9668851111111112, 5.0848525, 2.13845875
8, 10, 18.1525, 7.46676, 25.61926, 2.8015, 1.11579, 3.91729, 0.9633037, 5.070562499999999, 2.049135
8, 11, 18.1028, 7.44574, 25.54854, 2.89482, 1.14214, 4.0369600000000005, 0.9616119999999999, 5.1576699999999995, 2.0728575
8, 12, 18.0516, 7.48814, 25.539740000000002, 2.80545, 1.1242, 3.92965, 0.9692030833333334, 5.0619, 2.0602175000000003
8, 13, 17.9593, 7.42979, 25.38909, 2.83362, 1.20704, 4.04066, 0.9707586923076923, 5.0785325, 2.1357637499999997
8, 14, 17.8213, 7.38406, 25.20536, 2.81775, 1.18319, 4.00094, 0.9783470714285715, 5.0454125, 2.1061975
8, 15, 17.7634, 7.30315, 25.06655, 2.91341, 1.21281, 4.12622, 0.9746830000000001, 5.1338349999999995, 2.12570375
8, 16, 17.5342, 7.23577, 24.769969999999997, 2.76124, 1.17663, 3.93787, 0.9765318125, 4.953015, 2.08110125

9, 1, 20.2359, 8.09392, 28.32982, 2.5597, 0.61718, 3.1768799999999997, 1.0, 5.0891874999999995, 1.62892
9, 2, 19.1182, 7.71061, 26.82881, 2.13725, 0.68879, 2.82604, 0.99732, 4.527025, 1.65261625
9, 3, 18.7903, 7.60368, 26.39398, 3.28324, 1.1713, 4.45454, 0.9882636666666667, 5.6320274999999995, 2.12176
9, 4, 18.6456, 7.56508, 26.210680000000004, 2.77781, 1.04839, 3.8262, 0.97956475, 5.108510000000001, 1.994025
9, 5, 18.5643, 7.49086, 26.05516, 2.99388, 1.1177, 4.11158, 0.9699434, 5.314417499999999, 2.0540575
9, 6, 18.3158, 7.50463, 25.820429999999998, 2.71934, 1.02398, 3.7433199999999998, 0.969055, 5.008815, 1.9620587499999997
9, 7, 18.293, 7.40389, 25.69689, 2.87405, 1.09614, 3.9701899999999997, 0.9688754285714286, 5.1606749999999995, 2.0216262499999997
9, 8, 18.0479, 7.34695, 25.394849999999998, 2.65511, 1.03069, 3.6858000000000004, 0.970748875, 4.9110975, 1.94905875
9, 9, 17.9396, 7.29928, 25.238879999999998, 2.85899, 1.19769, 4.05668, 0.9676800000000001, 5.10144, 2.1101
9, 10, 17.5781, 7.15909, 24.73719, 2.85586, 1.1167, 3.9725599999999996, 0.9633767000000001, 5.0531225, 2.01158625
9, 11, 17.5728, 7.14678, 24.71958, 2.99067, 1.1413, 4.13197, 0.9619624545454546, 5.18727, 2.0346475
9, 12, 17.3656, 7.133, 24.4986, 2.8937, 1.12597, 4.01967, 0.9701667500000001, 5.0644, 2.017595
9, 13, 17.2367, 7.09446, 24.331159999999997, 2.95965, 1.20741, 4.16706, 0.9710013076923077, 5.1142375, 2.0942175
9, 14, 17.1297, 7.0357, 24.165399999999998, 2.95972, 1.18478, 4.1445, 0.9782803571428572, 5.1009325, 2.0642424999999998
9, 15, 17.014, 6.96789, 23.98189, 3.03026, 1.21248, 4.24274, 0.9746882, 5.15701, 2.08346625
9, 16, 16.78, 6.89935, 23.67935, 2.89944, 1.17594, 4.07538, 0.976787125, 4.99694, 2.03835875

10, 1, 19.8592, 7.78203, 27.64123, 2.61587, 0.616681, 3.232551, 1.0, 5.09827, 1.5894347500000001
10, 2, 18.9872, 7.46077, 26.44797, 2.12624, 0.678793, 2.805033, 0.9972345, 4.49964, 1.61138925
10, 3, 18.8439, 7.45106, 26.294960000000003, 3.23218, 1.16969, 4.40187, 0.9881046666666666, 5.5876675, 2.1010725
10, 4, 18.7212, 7.39587, 26.11707, 2.72738, 1.03834, 3.76572, 0.97872825, 5.06753, 1.96282375
10, 5, 18.5982, 7.32666, 25.92486, 2.97907, 1.1187, 4.097770000000001, 0.970321, 5.303845, 2.0345325
10, 6, 18.196, 7.27564, 25.47164, 2.75976, 1.02156, 3.78132, 0.9696498333333333, 5.03426, 1.931015
10, 7, 18.0385, 7.15402, 25.19252, 2.95967, 1.09377, 4.05344, 0.9692395714285714, 5.2144825, 1.9880225
10, 8, 17.7368, 7.08924, 24.82604, 2.75066, 1.04251, 3.79317, 0.969355125, 4.96776, 1.928665
10, 9, 17.5906, 7.02069, 24.611289999999997, 2.98315, 1.19403, 4.17718, 0.9683777777777779, 5.1819749999999996, 2.07161625
10, 10, 17.2343, 6.8759, 24.1102, 3.01354, 1.11127, 4.12481, 0.9637553999999999, 5.1678275, 1.9707575
10, 11, 17.2145, 6.87531, 24.08981, 3.10235, 1.13744, 4.23979, 0.962434, 5.2541625, 1.99685375
10, 12, 17.0484, 6.8312, 23.8796, 3.0019, 1.12722, 4.12912, 0.9702894999999999, 5.13295, 1.9811200000000002
10, 13, 16.9845, 6.82386, 23.80836, 3.02992, 1.20639, 4.2363100000000005, 0.9717468461538462, 5.1529825, 2.0593725000000003
10, 14, 16.8758, 6.7369, 23.612700000000004, 3.04406, 1.18238, 4.22644, 0.9779210714285714, 5.153535, 2.0244925
10, 15, 16.8366, 6.73703, 23.57363, 3.09283, 1.20353, 4.29636, 0.9739724, 5.197405, 2.04565875
10, 16, 16.6155, 6.67752, 23.293020000000002, 2.94092, 1.17844, 4.11936, 0.977087375, 5.0178575, 2.01313

11, 1, 19.6747, 7.40337, 27.07807, 2.62497, 0.618951, 3.243921, 1.0, 5.0843074999999995, 1.54437225
11, 2, 19.1388, 7.24567, 26.38447, 2.10315, 0.679166, 2.782316, 0.997253, 4.4955, 1.58487475
11, 3, 18.8255, 7.11582, 25.94132, 3.24439, 1.17482, 4.41921, 0.9885646666666666, 5.5975775, 2.0642975
11, 4, 18.3403, 6.9703, 25.3106, 2.84615, 1.04235, 3.8885000000000005, 0.97910775, 5.1386875, 1.9136375
11, 5, 18.0852, 6.85436, 24.93956, 3.1632, 1.1357, 4.2989, 0.9682582, 5.42385, 1.992495
11, 6, 17.6128, 6.77787, 24.39067, 2.93094, 1.03019, 3.96113, 0.9692481666666667, 5.1325400000000005, 1.87742375
11, 7, 17.4604, 6.63861, 24.09901, 3.09522, 1.08812, 4.183339999999999, 0.9691554285714286, 5.27777, 1.91794625
11, 8, 17.2579, 6.62064, 23.87854, 2.87788, 1.04091, 3.9187900000000004, 0.96972325, 5.0351175, 1.86849
11, 9, 17.2468, 6.60792, 23.85472, 3.06387, 1.20874, 4.27261, 0.9687822222222222, 5.219720000000001, 2.0347299999999997
11, 10, 17.1001, 6.58186, 23.68196, 2.99502, 1.11418, 4.1091999999999995, 0.9629929, 5.1325325, 1.9369125
11, 11, 17.2153, 6.55995, 23.77525, 3.05882, 1.13579, 4.19461, 0.961263, 5.2107325, 1.9557837500000002
11, 12, 17.1263, 6.58993, 23.71623, 2.91422, 1.12396, 4.03818, 0.9697611666666667, 5.0550075, 1.9477012500000002
11, 13, 17.1202, 6.63145, 23.75165, 2.93247, 1.20477, 4.13724, 0.971550153846154, 5.072495, 2.03370125
11, 14, 17.1169, 6.53455, 23.65145, 2.90969, 1.19449, 4.1041799999999995, 0.9782796428571429, 5.0493025, 2.01130875
11, 15, 17.0824, 6.55113, 23.63353, 2.95682, 1.20991, 4.16673, 0.9749011333333333, 5.0921199999999995, 2.02880125
11, 16, 16.9232, 6.55416, 23.47736, 2.80094, 1.17226, 3.9732000000000003, 0.9771245625, 4.91634, 1.99153

12, 1, 18.6081, 7.07533, 25.68343, 2.56353, 0.619299, 3.182829, 1.0, 4.8895425, 1.50371525
12, 2, 17.2325, 6.66164, 23.89414, 2.21994, 0.70182, 2.92176, 0.99711, 4.3740025, 1.534525
12, 3, 16.8372, 6.57514, 23.41234, 3.39239, 1.16578, 4.55817, 0.988163, 5.49704, 1.9876725
12, 4, 16.8221, 6.58862, 23.410719999999998, 2.92074, 1.07444, 3.99518, 0.98011175, 5.023502499999999, 1.8980175
12, 5, 16.8247, 6.59068, 23.41538, 3.08267, 1.13953, 4.2222, 0.9675670000000001, 5.185757499999999, 1.963365
12, 6, 16.6445, 6.533, 23.177500000000002, 2.80387, 1.07208, 3.8759499999999996, 0.9694788333333334, 4.8844325, 1.8887049999999999
12, 7, 16.7059, 6.50384, 23.20974, 2.88821, 1.13489, 4.0230999999999995, 0.968515, 4.9764475, 1.94787
12, 8, 16.6119, 6.47011, 23.082009999999997, 2.65337, 1.09766, 3.75103, 0.96840875, 4.7298575, 1.90642375
12, 9, 16.6344, 6.47527, 23.10967, 2.78414, 1.21279, 3.99693, 0.968219, 4.86344, 2.0221987500000003
12, 10, 16.3931, 6.43561, 22.82871, 2.78203, 1.11798, 3.90001, 0.9619865000000001, 4.831167499999999, 1.9224312499999998
12, 11, 16.3536, 6.35384, 22.70744, 2.90143, 1.13777, 4.0392, 0.9605410909090909, 4.9456299999999995, 1.932
12, 12, 16.1501, 6.30009, 22.45019, 2.83614, 1.11557, 3.95171, 0.96836975, 4.8549025, 1.90308125
12, 13, 15.9831, 6.32709, 22.31019, 2.90599, 1.20696, 4.11295, 0.9712608461538461, 4.9038775, 1.99784625
12, 14, 15.9059, 6.22682, 22.13272, 2.87481, 1.20721, 4.08202, 0.9738512142857143, 4.8630475, 1.9855625
12, 15, 15.5805, 6.106, 21.686500000000002, 3.03287, 1.21099, 4.24386, 0.9750824, 4.9804325, 1.97424
12, 16, 15.4343, 6.05301, 21.48731, 2.88287, 1.17503, 4.0579, 0.9785576875, 4.8121575, 1.93165625

13, 1, 18.1531, 6.87152, 25.02462, 2.62751, 0.619161, 3.246671, 1.0, 4.8966475, 1.478101
13, 2, 16.9399, 6.52239, 23.462290000000003, 2.2332, 0.691211, 2.924411, 0.99718, 4.3506875, 1.50650975
13, 3, 16.8106, 6.49086, 23.30146, 3.33592, 1.16663, 4.50255, 0.9882610000000001, 5.437245000000001, 1.9779875
13, 4, 16.8464, 6.54144, 23.387839999999997, 2.8411, 1.06975, 3.91085, 0.98027525, 4.946899999999999, 1.88743
13, 5, 16.7763, 6.49538, 23.27168, 3.00769, 1.13878, 4.14647, 0.9678891999999999, 5.1047275, 1.9507024999999998
13, 6, 16.539, 6.46943, 23.00843, 2.75789, 1.06981, 3.8277, 0.9701933333333334, 4.825265, 1.8784887499999998
13, 7, 16.5602, 6.4285, 22.988699999999998, 2.885, 1.14204, 4.0270399999999995, 0.9683685714285714, 4.955024999999999, 1.9456025
13, 8, 16.412, 6.34424, 22.75624, 2.69246, 1.10017, 3.79263, 0.96925075, 4.7439599999999995, 1.8932000000000002
13, 9, 16.3349, 6.30164, 22.63654, 2.86271, 1.21526, 4.07797, 0.9688314444444445, 4.9045725000000004, 2.002965
13, 10, 16.0249, 6.25768, 22.28258, 2.85104, 1.11598, 3.9670199999999998, 0.9629087999999999, 4.8541525, 1.89819
13, 11, 15.8593, 6.14054, 21.99984, 3.02232, 1.13893, 4.16125, 0.9615659090909091, 5.0047325, 1.9064975
13, 12, 15.6695, 6.10648, 21.77598, 2.95583, 1.11359, 4.06942, 0.9685438333333334, 4.9145175000000005, 1.8769
13, 13, 15.3387, 6.02384, 21.36254, 3.07763, 1.20492, 4.2825500000000005, 0.9725774615384615, 4.9949675, 1.9579
13, 14, 15.237, 5.99855, 21.23555, 3.04113, 1.20637, 4.2475, 0.9743120000000001, 4.945755, 1.95618875
13, 15, 15.0834, 5.91872, 21.002119999999998, 3.16323, 1.21094, 4.3741699999999994, 0.9750975333333333, 5.048655, 1.95078
13, 16, 14.9486, 5.86758, 20.816180000000003, 3.01648, 1.17921, 4.19569, 0.978349, 4.885055, 1.9126575000000001

14, 1, 17.4168, 6.53392, 23.950719999999997, 2.70911, 0.618847, 3.327957, 1.0, 4.88621, 1.435587
14, 2, 16.8939, 6.44157, 23.335469999999997, 2.1889, 0.691469, 2.880369, 0.9970455, 4.3006375, 1.49666525
14, 3, 16.8965, 6.45026, 23.34676, 3.24804, 1.17253, 4.42057, 0.9879753333333333, 5.3601025, 1.9788125
14, 4, 16.9084, 6.44444, 23.35284, 2.77321, 1.0625, 3.83571, 0.97948075, 4.886760000000001, 1.868055
14, 5, 16.6742, 6.38781, 23.06201, 2.99809, 1.13107, 4.12916, 0.9697191999999999, 5.082364999999999, 1.92954625
14, 6, 16.4351, 6.30288, 22.73798, 2.76852, 1.02228, 3.7908, 0.9695271666666666, 4.8229074999999995, 1.81014
14, 7, 16.2614, 6.24342, 22.50482, 2.98062, 1.13832, 4.11894, 0.9688335714285714, 5.013294999999999, 1.9187475
14, 8, 15.8339, 6.13837, 21.97227, 2.8259, 1.09528, 3.9211799999999997, 0.969245625, 4.8051375, 1.86257625
14, 9, 15.7477, 6.05799, 21.80569, 3.02818, 1.21444, 4.24262, 0.9696882222222223, 4.9966425, 1.97168875
14, 10, 15.5087, 5.99482, 21.503519999999998, 3.03153, 1.12375, 4.15528, 0.9650204, 4.9701175, 1.8731025
14, 11, 15.2411, 5.86418, 21.10528, 3.21073, 1.13918, 4.3499099999999995, 0.9628810000000001, 5.1158675, 1.8722025000000002
14, 12, 15.1992, 5.9112, 21.1104, 3.11367, 1.12056, 4.23423, 0.9699885833333334, 5.01357, 1.85946
14, 13, 14.8756, 5.79248, 20.66808, 3.2087, 1.20518, 4.41388, 0.972303923076923, 5.06815, 1.92924
14, 14, 14.7052, 5.70216, 20.40736, 3.19984, 1.20557, 4.40541, 0.9743375, 5.03799, 1.9183400000000002
14, 15, 14.6882, 5.66751, 20.355710000000002, 3.28415, 1.21672, 4.50087, 0.9754404, 5.120175, 1.92515875
14, 16, 14.5149, 5.62183, 20.13673, 3.14829, 1.18107, 4.329359999999999, 0.97875525, 4.9626525, 1.88379875

15, 1, 17.1727, 6.34373, 23.51643, 2.72204, 0.618432, 3.3404719999999997, 1.0, 4.8686275, 1.41139825
15, 2, 16.9579, 6.35097, 23.30887, 2.13703, 0.694812, 2.831842, 0.9970245, 4.2567675000000005, 1.48868325
15, 3, 16.9019, 6.36206, 23.26396, 3.21331, 1.17477, 4.38808, 0.9880046666666668, 5.3260475, 1.9700275
15, 4, 16.7439, 6.27668, 23.02058, 2.76298, 1.03816, 3.80114, 0.9797585, 4.8559675, 1.8227449999999998
15, 5, 16.3168, 6.16879, 22.485590000000002, 3.10029, 1.12498, 4.22527, 0.9703647999999999, 5.13989, 1.89607875
15, 6, 15.9439, 6.07639, 22.02029, 2.88548, 1.02858, 3.91406, 0.969897, 4.878467499999999, 1.78812875
15, 7, 15.766, 5.95177, 21.71777, 3.11256, 1.08867, 4.201230000000001, 0.9683477142857143, 5.08331, 1.83264125
15, 8, 15.3323, 5.84715, 21.17945, 2.90154, 1.0414, 3.94294, 0.9672805, 4.818077499999999, 1.7722937500000002
15, 9, 15.1021, 5.80139, 20.903489999999998, 3.21833, 1.21274, 4.43107, 0.9701282222222223, 5.1060925, 1.9379137499999999
15, 10, 14.9411, 5.69052, 20.63162, 3.1886, 1.11908, 4.30768, 0.9651567, 5.0562375, 1.8303950000000002
15, 11, 14.7667, 5.63506, 20.40176, 3.34354, 1.1398, 4.48334, 0.9633643636363637, 5.1893775, 1.8441825
15, 12, 14.7488, 5.65218, 20.40098, 3.22478, 1.12961, 4.35439, 0.9703055833333334, 5.068379999999999, 1.8361325000000002
15, 13, 14.6525, 5.64198, 20.29448, 3.25186, 1.20802, 4.45988, 0.9725464615384615, 5.0834225, 1.9132675000000001
15, 14, 14.5185, 5.53252, 20.05102, 3.21769, 1.19175, 4.40944, 0.9780032857142856, 5.0325025, 1.883315
15, 15, 14.531, 5.53841, 20.06941, 3.27883, 1.21225, 4.49108, 0.9745807333333333, 5.095205, 1.90455125
15, 16, 14.412, 5.53367, 19.94567, 3.11749, 1.1762, 4.29369, 0.977792875, 4.91899, 1.8679087499999998

16, 1, 17.0868, 6.28398, 23.37078, 2.70072, 0.618593, 3.319313, 1.0, 4.83657, 1.4040905
16, 2, 16.9155, 6.28084, 23.196340000000003, 2.10458, 0.691666, 2.796246, 0.996843, 4.2190175, 1.476771
16, 3, 16.8184, 6.26258, 23.08098, 3.22621, 1.17624, 4.40245, 0.9879713333333333, 5.32851, 1.9590625
16, 4, 16.4826, 6.15531, 22.63791, 2.8108, 1.04363, 3.85443, 0.97998975, 4.871125, 1.81304375
16, 5, 15.9608, 5.9875, 21.9483, 3.20596, 1.12569, 4.33165, 0.970748, 5.20106, 1.8741275000000002
16, 6, 15.5492, 5.89121, 21.44041, 2.99514, 1.02771, 4.02285, 0.9697743333333334, 4.93879, 1.76411125
16, 7, 15.32, 5.77042, 21.09042, 3.23568, 1.09014, 4.32582, 0.9689924285714285, 5.1506799999999995, 1.8114425
16, 8, 14.9819, 5.69225, 20.674149999999997, 3.01557, 1.03901, 4.05458, 0.967153875, 4.8883075, 1.75054125
16, 9, 14.7831, 5.665, 20.4481, 3.28243, 1.21261, 4.49504, 0.968625111111111, 5.1303175, 1.920735
16, 10, 14.6525, 5.55447, 20.20697, 3.25532, 1.12376, 4.37908, 0.965098, 5.0868825, 1.8180687500000001
16, 11, 14.5973, 5.53289, 20.13019, 3.35901, 1.14357, 4.50258, 0.9631865454545455, 5.1836725, 1.83518125
16, 12, 14.5874, 5.54915, 20.13655, 3.20434, 1.13003, 4.33437, 0.96949125, 5.0277650000000005, 1.8236737500000002
16, 13, 14.5859, 5.59628, 20.182180000000002, 3.23972, 1.21069, 4.45041, 0.9714765384615384, 5.0629575, 1.910225
16, 14, 14.4633, 5.50104, 19.96434, 3.19142, 1.19171, 4.3831299999999995, 0.9779545000000001, 4.9993324999999995, 1.87934
16, 15, 14.5538, 5.49055, 20.04435, 3.22888, 1.21641, 4.44529, 0.974836, 5.0481050000000005, 1.90272875
16, 16, 14.4367, 5.49672, 19.933419999999998, 3.0553, 1.17904, 4.2343399999999995, 0.97709275, 4.8598875, 1.86613
