branchFactor, leafSize, nodeIntersections, shadowNodeIntersections, allNodeIntersections, leafIntersections, shadowLeafIntersections, allLeafIntersections, leafFullness, cost, shadowCost

2, 1, 20.2004, 31.5336, 51.733999999999995, 2.42648, 3.7191, 6.145580000000001, 1.0, 4.95153, 7.6608
2, 2, 18.3671, 28.6618, 47.0289, 2.25804, 3.66413, 5.9221699999999995, 0.9928815, 4.5539275, 7.246855
2, 3, 17.2736, 26.6982, 43.9718, 2.18216, 3.5483, 5.73046, 0.9897916666666666, 4.34136, 6.885574999999999
2, 4, 16.5277, 25.3977, 41.925399999999996, 2.12656, 3.39711, 5.52367, 0.98779225, 4.1925225, 6.5718225
2, 5, 15.9978, 24.3644, 40.3622, 2.18781, 3.62259, 5.8104, 0.992, 4.187535, 6.66814
2, 6, 15.5449, 23.6338, 39.1787, 2.13517, 3.58646, 5.72163, 0.9876255, 4.0782825, 6.540685
2, 7, 14.9591, 22.7146, 37.6737, 2.15329, 3.56167, 5.71496, 0.9902101428571429, 4.0231775, 6.400995
2, 8, 14.899, 22.6011, 37.500099999999996, 2.21976, 3.71625, 5.93601, 0.99368575, 4.082135, 6.5413875
2, 9, 14.3137, 21.6041, 35.9178, 2.1712, 3.60381, 5.77501, 0.9964325555555555, 3.9604125, 6.3043225
2, 10, 14.2568, 21.255, 35.5118, 2.13041, 3.51231, 5.64272, 0.99304, 3.91251, 6.169185
2, 11, 14.0046, 21.1518, 35.156400000000005, 2.10697, 3.47569, 5.582660000000001, 0.9943447272727273, 3.857545, 6.119665
2, 12, 13.6504, 20.4407, 34.0911, 2.11108, 3.54714, 5.65822, 0.993519, 3.81738, 6.1022275
2, 13, 13.8182, 20.9824, 34.800599999999996, 2.12065, 3.4714, 5.59205, 0.9927363076923077, 3.847925, 6.0942
2, 14, 13.7774, 20.8725, 34.6499, 2.10671, 3.48945, 5.59616, 0.9867167142857143, 3.828885, 6.0985125
2, 15, 13.1931, 19.7423, 32.9354, 2.21607, 3.72405, 5.94012, 0.9905332666666666, 3.8652075000000004, 6.1918375
2, 16, 13.2049, 19.6029, 32.8078, 2.12927, 3.6186, 5.74787, 0.98261325, 3.7798825000000003, 6.0689625

3, 1, 14.8081, 22.1039, 36.912, 2.46802, 3.73365, 6.20167, 1.0, 4.3190325000000005, 6.4966375
3, 2, 13.3142, 19.666, 32.980199999999996, 2.50581, 3.84519, 6.351, 0.9921505, 4.170085, 6.30344
3, 3, 12.6211, 18.6187, 31.239800000000002, 2.50508, 3.84351, 6.34859, 0.9899576666666667, 4.0827175, 6.170847500000001
3, 4, 12.1134, 17.7469, 29.860300000000002, 2.47353, 3.74883, 6.22236, 0.98007925, 3.987705, 5.9671924999999995
3, 5, 11.7773, 17.2019, 28.9792, 2.36113, 3.74093, 6.10206, 0.9904506, 3.8332925, 5.8911675
3, 6, 11.296, 16.3227, 27.6187, 2.28984, 3.64204, 5.93188, 0.9884499999999999, 3.70184, 5.6823775
3, 7, 11.2062, 16.2705, 27.4767, 2.34778, 3.62424, 5.9720200000000006, 0.9825168571428572, 3.7485550000000005, 5.6580525
3, 8, 10.7422, 15.5442, 26.2864, 2.47609, 3.93117, 6.40726, 0.990603875, 3.818865, 5.874195
3, 9, 10.5587, 15.142, 25.700699999999998, 2.50683, 4.05011, 6.55694, 0.9927406666666667, 3.8266675, 5.94286
3, 10, 10.5858, 15.1828, 25.7686, 2.54176, 3.97815, 6.519909999999999, 0.9894261, 3.864985, 5.8759999999999994
3, 11, 10.2081, 14.6279, 24.836, 2.43974, 3.95503, 6.394769999999999, 0.9907298181818182, 3.7157525, 5.7835175
3, 12, 10.0194, 14.339, 24.3584, 2.43234, 4.04899, 6.48133, 0.9949448333333333, 3.6847649999999996, 5.841365
3, 13, 9.97781, 14.1639, 24.14171, 2.42092, 3.84131, 6.262230000000001, 0.9914515384615386, 3.6681462500000004, 5.6117975
3, 14, 10.0567, 14.1936, 24.2503, 2.40264, 3.96611, 6.36875, 0.9924902142857144, 3.6597275, 5.74031
3, 15, 9.63238, 13.6567, 23.28908, 2.50421, 4.06935, 6.5735600000000005, 0.9894508, 3.7082575, 5.7764375
3, 16, 9.86737, 13.8114, 23.67877, 2.45901, 3.96308, 6.422090000000001, 0.9906205625, 3.6924312500000003, 5.6895050000000005

4, 1, 12.9904, 18.8417, 31.832099999999997, 2.48727, 3.69416, 6.181430000000001, 1.0, 4.11107, 6.0493725000000005
4, 2, 11.8155, 17.0155, 28.831, 2.32664, 3.55932, 5.88596, 0.9931255, 3.8035775, 5.6862575
4, 3, 11.49, 16.5121, 28.0021, 2.53758, 3.76327, 6.3008500000000005, 0.988741, 3.9738300000000004, 5.8272825
4, 4, 10.8919, 15.5356, 26.427500000000002, 2.36564, 3.44874, 5.81438, 0.98491575, 3.7271275, 5.39069
4, 5, 10.4904, 14.9663, 25.456699999999998, 2.42348, 3.65327, 6.0767500000000005, 0.9906126000000001, 3.7347799999999998, 5.5240575
4, 6, 10.345, 14.7628, 25.1078, 2.4586, 3.68158, 6.14018, 0.9880233333333334, 3.7517250000000004, 5.52693
4, 7, 10.1663, 14.3961, 24.5624, 2.42797, 3.61625, 6.04422, 0.9802774285714285, 3.6987575, 5.4157625
4, 8, 9.77363, 13.8284, 23.60203, 2.43067, 3.61305, 6.04372, 0.982680125, 3.65237375, 5.3416
4, 9, 9.80823, 14.032, 23.84023, 2.58349, 3.7954, 6.37889, 0.9859697777777777, 3.8095187499999996, 5.5494
4, 10, 9.51249, 13.5539, 23.06639, 2.45488, 3.67524, 6.13012, 0.9915609999999999, 3.64394125, 5.3694775
4, 11, 9.24731, 13.1324, 22.379710000000003, 2.44103, 3.78761, 6.22864, 0.9784559090909091, 3.5969437500000003, 5.4291599999999995
4, 12, 9.30584, 13.2886, 22.59444, 2.45705, 3.7107, 6.16775, 0.9697735833333333, 3.62028, 5.371775
4, 13, 9.18019, 13.1015, 22.281689999999998, 2.44271, 3.72026, 6.16297, 0.9825182307692307, 3.59023375, 5.3579475
4, 14, 9.00992, 12.8467, 21.85662, 2.52839, 3.68078, 6.20917, 0.9701427857142857, 3.65463, 5.2866175
4, 15, 8.91444, 12.6194, 21.53384, 2.53446, 3.90626, 6.440720000000001, 0.992343, 3.648765, 5.483685
4, 16, 8.72327, 12.3172, 21.04047, 2.56319, 3.74891, 6.3121, 0.988025, 3.65359875, 5.28856

5, 1, 12.0761, 17.0761, 29.1522, 2.55257, 3.70209, 6.254659999999999, 1.0, 4.0620825, 5.8366025
5, 2, 10.8788, 15.3818, 26.2606, 2.44051, 3.55631, 5.99682, 0.9928605, 3.8003600000000004, 5.479035
5, 3, 10.4481, 14.6739, 25.122, 2.55566, 3.69466, 6.25032, 0.9897096666666667, 3.8616725, 5.528897499999999
5, 4, 9.92621, 13.6693, 23.595509999999997, 2.39319, 3.52049, 5.91368, 0.98451475, 3.6339662500000003, 5.2291525
5, 5, 9.51256, 13.0895, 22.60206, 2.57765, 3.91619, 6.4938400000000005, 0.9840477999999999, 3.7667200000000003, 5.5523774999999995
5, 6, 9.37796, 13.0838, 22.461759999999998, 2.3689, 3.55562, 5.924519999999999, 0.9847966666666667, 3.541145, 5.191095
5, 7, 9.23436, 12.7682, 22.002560000000003, 2.53133, 3.76014, 6.29147, 0.9837048571428572, 3.685625, 5.356165
5, 8, 9.01749, 12.4235, 21.44099, 2.42479, 3.5945, 6.01929, 0.963086375, 3.55197625, 5.1474375000000006
5, 9, 8.95177, 12.6025, 21.55427, 2.4916, 3.78067, 6.272270000000001, 0.9773282222222223, 3.61057125, 5.3559825
5, 10, 8.58253, 11.8906, 20.473129999999998, 2.58639, 3.95893, 6.54532, 0.9758013999999999, 3.6592062500000004, 5.4452549999999995
5, 11, 8.69556, 12.2326, 20.92816, 2.53909, 3.6903, 6.22939, 0.9588104545454545, 3.626035, 5.219375
5, 12, 8.64756, 12.2298, 20.87736, 2.69687, 4.09219, 6.789060000000001, 0.9586009166666667, 3.7778150000000004, 5.620915
5, 13, 8.24933, 11.7046, 19.95393, 2.735, 4.14656, 6.88156, 0.9707326153846154, 3.76616625, 5.609635
5, 14, 8.13666, 11.4025, 19.53916, 2.5607, 3.97093, 6.53163, 0.949887, 3.5777825, 5.3962425
5, 15, 8.3398, 11.4479, 19.7877, 2.72596, 4.21951, 6.94547, 0.9694024, 3.768435, 5.6504975
5, 16, 7.85994, 10.8153, 18.675240000000002, 2.45084, 3.78241, 6.23325, 0.9675769375, 3.4333324999999997, 5.1343225

6, 1, 11.9209, 16.451, 28.3719, 2.57287, 3.71884, 6.29171, 1.0, 4.0629825, 5.775215
6, 2, 10.8743, 15.3595, 26.233800000000002, 2.60449, 3.86996, 6.47445, 0.994283, 3.9637775, 5.7898975
6, 3, 10.3297, 14.3741, 24.7038, 2.60319, 3.79876, 6.40195, 0.9872433333333334, 3.8944025, 5.5955225
6, 4, 9.87293, 13.441, 23.31393, 2.69183, 3.92475, 6.61658, 0.98126375, 3.92594625, 5.604875
6, 5, 9.48488, 13.0075, 22.49238, 2.7651, 4.0363, 6.801399999999999, 0.9790378000000001, 3.95071, 5.6622375
6, 6, 9.23336, 12.7482, 21.98156, 2.67696, 3.90751, 6.58447, 0.977998, 3.83113, 5.501035
6, 7, 9.16939, 12.4985, 21.66789, 2.66792, 3.7304, 6.39832, 0.9676965714285714, 3.81409375, 5.2927125
6, 8, 8.87099, 12.0627, 20.93369, 2.67801, 3.83473, 6.51274, 0.98050775, 3.7868837500000003, 5.3425674999999995
6, 9, 8.69664, 12.0684, 20.76504, 2.67146, 3.94028, 6.61174, 0.977028888888889, 3.75854, 5.44883
6, 10, 8.67567, 12.0088, 20.68447, 2.66017, 3.96402, 6.6241900000000005, 0.9791977, 3.74462875, 5.465120000000001
6, 11, 8.41543, 11.4445, 19.85993, 2.68092, 3.89838, 6.5793, 0.9739829090909091, 3.73284875, 5.3289425
6, 12, 8.25634, 11.4957, 19.75204, 2.82396, 4.46585, 7.289809999999999, 0.9819489166666666, 3.8560024999999998, 5.9028125
6, 13, 8.43372, 11.7326, 20.16632, 2.80361, 4.11207, 6.91568, 0.9668883076923076, 3.857825, 5.578645
6, 14, 8.3588, 11.5016, 19.8604, 2.64631, 4.00518, 6.651490000000001, 0.9666572857142857, 3.69116, 5.442880000000001
6, 15, 8.25763, 11.4321, 19.68973, 2.72167, 4.10287, 6.824540000000001, 0.9628072666666667, 3.7538737500000003, 5.5318825
6, 16, 8.17018, 11.1601, 19.330280000000002, 2.47456, 3.74049, 6.21505, 0.9593234375, 3.4958324999999997, 5.135502499999999

7, 1, 11.4276, 15.753, 27.1806, 2.56718, 3.68966, 6.25684, 1.0, 3.9956300000000002, 5.658785
7, 2, 10.4064, 14.4081, 24.8145, 2.74425, 4.06169, 6.80594, 0.992636, 4.04505, 5.862702499999999
7, 3, 9.77001, 13.4112, 23.18121, 2.7331, 4.11971, 6.85281, 0.9883526666666667, 3.9543512499999998, 5.7961100000000005
7, 4, 9.24059, 12.7883, 22.028889999999997, 2.83757, 4.18958, 7.027150000000001, 0.98176525, 3.99264375, 5.7881175
7, 5, 8.9463, 12.1852, 21.131500000000003, 2.91838, 4.36571, 7.28409, 0.9822580000000001, 4.0366675, 5.88886
7, 6, 8.74767, 11.9022, 20.64987, 2.91633, 4.48569, 7.40202, 0.9810571666666666, 4.00978875, 5.973465
7, 7, 8.51686, 11.4005, 19.91736, 2.9468, 4.42514, 7.37194, 0.9776688571428572, 4.0114075, 5.8502025
7, 8, 8.2972, 11.2002, 19.4974, 2.91978, 4.43778, 7.357559999999999, 0.98086725, 3.95693, 5.837805
7, 9, 7.95768, 10.6976, 18.655279999999998, 2.84743, 4.26673, 7.11416, 0.9806302222222223, 3.84214, 5.60393
7, 10, 8.04234, 10.7839, 18.82624, 2.86054, 4.34427, 7.20481, 0.976347, 3.8658325, 5.6922575
7, 11, 7.71369, 10.2791, 17.99279, 2.87015, 4.24435, 7.1145, 0.9731756363636364, 3.83436125, 5.5292375
7, 12, 7.88947, 10.644, 18.53347, 2.93193, 4.60868, 7.540609999999999, 0.9752815833333334, 3.91811375, 5.9391799999999995
7, 13, 7.71027, 10.3255, 18.03577, 2.9799, 4.46527, 7.445170000000001, 0.9663453846153847, 3.9436837500000004, 5.7559575
7, 14, 7.51533, 10.0614, 17.57673, 2.77148, 4.15405, 6.92553, 0.9500693571428572, 3.71089625, 5.411725
7, 15, 7.53131, 10.0857, 17.61701, 2.85231, 4.20886, 7.06117, 0.9642287333333334, 3.7937237500000003, 5.4695725
7, 16, 7.63629, 10.2743, 17.91059, 2.82367, 4.23166, 7.05533, 0.9598301875, 3.7782062499999998, 5.515947499999999

8, 1, 10.7396, 14.929, 25.668599999999998, 2.61045, 3.70306, 6.31351, 1.0, 3.9529, 5.569185
8, 2, 9.87134, 13.7708, 23.642139999999998, 2.73514, 4.03457, 6.76971, 0.9933045, 3.9690575, 5.755920000000001
8, 3, 9.20599, 12.7318, 21.93779, 2.81351, 4.0885, 6.90201, 0.9903233333333333, 3.96425875, 5.679975
8, 4, 8.62432, 12.0654, 20.68972, 3.00554, 4.36928, 7.37482, 0.98277425, 4.0835799999999995, 5.877454999999999
8, 5, 8.14841, 11.1118, 19.26021, 3.12465, 4.55722, 7.68187, 0.9865988, 4.14320125, 5.946195
8, 6, 7.87726, 10.7966, 18.673859999999998, 3.13843, 4.77465, 7.913080000000001, 0.9873838333333333, 4.1230875000000005, 6.124225
8, 7, 7.93618, 10.6505, 18.58668, 2.87984, 4.31384, 7.1936800000000005, 0.9789092857142857, 3.8718625, 5.6451525
8, 8, 7.70078, 10.3876, 18.08838, 2.92011, 4.42986, 7.34997, 0.97958875, 3.8827075000000004, 5.72831
8, 9, 7.39481, 10.0564, 17.45121, 2.87963, 4.33623, 7.215859999999999, 0.9826847777777777, 3.80398125, 5.59328
8, 10, 7.51885, 10.19, 17.708849999999998, 2.86924, 4.29275, 7.161989999999999, 0.9768559, 3.80909625, 5.5665
8, 11, 7.46238, 10.011, 17.47338, 2.85781, 4.3274, 7.18521, 0.9734890909090909, 3.7906075, 5.578775
8, 12, 7.46049, 10.2069, 17.667389999999997, 2.80229, 4.47104, 7.2733300000000005, 0.9734535000000001, 3.73485125, 5.7469025
8, 13, 7.25551, 9.87487, 17.13038, 2.89076, 4.36718, 7.2579400000000005, 0.9669966923076923, 3.7976987500000003, 5.6015387500000005
8, 14, 7.13634, 9.67638, 16.81272, 2.6323, 4.04314, 6.67544, 0.9448766428571428, 3.5243425, 5.2526875
8, 15, 7.11237, 9.58112, 16.69349, 2.67982, 4.05549, 6.73531, 0.9639302, 3.56886625, 5.25313
8, 16, 7.33914, 9.94713, 17.286270000000002, 2.74684, 4.18368, 6.93052, 0.9570293125, 3.6642325000000002, 5.42707125

9, 1, 10.4123, 14.4786, 24.890900000000002, 2.59701, 3.69937, 6.29638, 1.0, 3.8985475000000003, 5.509195
9, 2, 9.61326, 13.4665, 23.07976, 2.82633, 4.06148, 6.88781, 0.9932505, 4.0279875, 5.744792500000001
9, 3, 8.86875, 12.2901, 21.15885, 2.95546, 4.32651, 7.281969999999999, 0.9901726666666667, 4.06405375, 5.8627725
9, 4, 8.16682, 11.4152, 19.58202, 3.13878, 4.63063, 7.769410000000001, 0.987516, 4.1596325, 6.05753
9, 5, 7.85841, 10.6344, 18.49281, 3.1972, 4.74407, 7.941269999999999, 0.9851222, 4.17950125, 6.07337
9, 6, 7.60147, 10.4136, 18.01507, 3.18255, 4.87616, 8.05871, 0.9817181666666667, 4.13273375, 6.17786
9, 7, 7.68221, 10.4336, 18.11581, 2.95447, 4.46309, 7.41756, 0.9798538571428572, 3.9147462500000003, 5.76729
9, 8, 7.55511, 10.252, 17.80711, 2.95944, 4.59998, 7.55942, 0.977753625, 3.9038287499999997, 5.881480000000001
9, 9, 7.27855, 9.8896, 17.16815, 2.90483, 4.50151, 7.40634, 0.986992, 3.81464875, 5.73771
9, 10, 7.3779, 10.0482, 17.426099999999998, 2.86933, 4.36901, 7.238340000000001, 0.9772751, 3.7915675, 5.6250350000000005
9, 11, 7.4581, 10.0649, 17.523, 2.85876, 4.42378, 7.28254, 0.9718854545454545, 3.7910225000000004, 5.6818925
9, 12, 7.48715, 10.2277, 17.71485, 2.85515, 4.55994, 7.41509, 0.9749404166666666, 3.79104375, 5.8384025
9, 13, 7.19846, 9.81078, 17.00924, 2.87732, 4.4713, 7.34862, 0.969243076923077, 3.7771275, 5.6976475
9, 14, 7.09399, 9.63241, 16.726399999999998, 2.6771, 4.10739, 6.78449, 0.9479459285714286, 3.56384875, 5.31144125
9, 15, 7.00628, 9.4294, 16.435679999999998, 2.72425, 4.1921, 6.9163499999999996, 0.9678903333333333, 3.600035, 5.370775
9, 16, 7.17974, 9.64828, 16.82802, 2.79696, 4.24691, 7.04387, 0.9599090625, 3.6944274999999998, 5.452945

10, 1, 10.4431, 14.2222, 24.665300000000002, 2.59989, 3.71135, 6.31124, 1.0, 3.9052774999999995, 5.489125
10, 2, 9.26046, 12.744, 22.00446, 2.88014, 4.09596, 6.9761, 0.990922, 4.0376975, 5.68896
10, 3, 8.59397, 11.6929, 20.28687, 3.0247, 4.34846, 7.37316, 0.9884453333333334, 4.09894625, 5.8100725
10, 4, 8.00122, 10.8774, 18.878619999999998, 3.15822, 4.62949, 7.78771, 0.9861335, 4.1583725000000005, 5.989165
10, 5, 7.88128, 10.4745, 18.355780000000003, 3.14509, 4.6541, 7.799189999999999, 0.9842024, 4.13025, 5.9634125
10, 6, 7.70515, 10.3266, 18.03175, 3.03684, 4.70493, 7.741770000000001, 0.9809294999999999, 3.99998375, 5.995755
10, 7, 7.79945, 10.3507, 18.15015, 2.89092, 4.42604, 7.31696, 0.9805188571428571, 3.86585125, 5.719877500000001
10, 8, 7.73202, 10.3162, 18.04822, 2.93429, 4.68466, 7.61895, 0.97436, 3.9007924999999997, 5.974185
10, 9, 7.51925, 10.0522, 17.57145, 2.9203, 4.56499, 7.48529, 0.9861511111111112, 3.86020625, 5.821515
10, 10, 7.54386, 10.0625, 17.60636, 2.82525, 4.38403, 7.20928, 0.9772873000000001, 3.7682325, 5.6418425
10, 11, 7.6333, 10.1332, 17.7665, 2.92667, 4.47382, 7.40049, 0.9724081818181819, 3.8808325000000004, 5.74047
10, 12, 7.37195, 9.84986, 17.221809999999998, 2.80831, 4.57473, 7.383039999999999, 0.9816470833333333, 3.7298037500000003, 5.8059625
10, 13, 7.34865, 9.84068, 17.18933, 2.96493, 4.59743, 7.56236, 0.9715670769230769, 3.8835112499999997, 5.827515
10, 14, 7.05143, 9.39795, 16.449379999999998, 2.77221, 4.32556, 7.097770000000001, 0.9531197857142857, 3.65363875, 5.5003037500000005
10, 15, 6.97187, 9.21621, 16.18808, 2.82853, 4.32773, 7.15626, 0.9710392, 3.70001375, 5.479756249999999
10, 16, 6.99709, 9.10448, 16.101570000000002, 2.86347, 4.39384, 7.25731, 0.9584575625, 3.73810625, 5.5319

11, 1, 10.5011, 14.2199, 24.721, 2.60161, 3.71045, 6.31206, 1.0, 3.9142475, 5.4879375
11, 2, 9.14342, 12.2969, 21.44032, 2.89667, 4.01815, 6.914820000000001, 0.9890045, 4.0395975, 5.5552625
11, 3, 8.46297, 11.2579, 19.720869999999998, 3.07535, 4.29592, 7.371269999999999, 0.9898463333333334, 4.13322125, 5.7031575
11, 4, 8.08825, 10.795, 18.88325, 3.14938, 4.54759, 7.696969999999999, 0.98703025, 4.16041125, 5.896965
11, 5, 8.07516, 10.5993, 18.67446, 3.1045, 4.54824, 7.65274, 0.9843527999999999, 4.113894999999999, 5.8731525
11, 6, 7.90519, 10.5368, 18.44199, 3.03595, 4.6898, 7.72575, 0.9844918333333333, 4.02409875, 6.0069
11, 7, 7.99225, 10.4923, 18.48455, 2.92362, 4.44666, 7.370279999999999, 0.9811892857142857, 3.9226512500000004, 5.7581975
11, 8, 7.89623, 10.3538, 18.25003, 2.98507, 4.68187, 7.66694, 0.97834575, 3.97209875, 5.976095
11, 9, 7.71612, 10.2119, 17.92802, 2.91241, 4.6304, 7.542809999999999, 0.986738, 3.876925, 5.9068875
11, 10, 7.70557, 10.1772, 17.88277, 2.89307, 4.40768, 7.30075, 0.9681136, 3.85626625, 5.67983
11, 11, 7.69424, 10.0428, 17.73704, 2.94407, 4.4986, 7.44267, 0.9633222727272728, 3.90585, 5.75395
11, 12, 7.37922, 9.7371, 17.11632, 3.00269, 4.79952, 7.8022100000000005, 0.9808055833333333, 3.9250925, 6.0166575
11, 13, 7.23387, 9.52498, 16.75885, 3.02227, 4.64845, 7.67072, 0.9678595384615385, 3.9265037499999997, 5.8390725
11, 14, 7.18215, 9.47049, 16.652639999999998, 2.85619, 4.42401, 7.2802, 0.9447469285714286, 3.75395875, 5.60782125
11, 15, 6.95485, 9.0677, 16.022550000000003, 2.96018, 4.43776, 7.39794, 0.9703923333333333, 3.82953625, 5.5712225
11, 16, 6.95104, 8.99482, 15.94586, 3.03771, 4.59683, 7.634539999999999, 0.9632676875, 3.90659, 5.721182499999999

12, 1, 10.4518, 13.5954, 24.0472, 2.63912, 3.71718, 6.3563, 1.0, 3.945595, 5.416605
12, 2, 9.15649, 12.0222, 21.17869, 2.91667, 3.95416, 6.87083, 0.9915925, 4.06123125, 5.456935
12, 3, 8.55648, 11.1577, 19.71418, 3.12229, 4.20993, 7.3322199999999995, 0.9890063333333333, 4.1918500000000005, 5.6046425
12, 4, 8.35209, 10.9681, 19.32019, 3.17389, 4.53174, 7.70563, 0.98527025, 4.217901250000001, 5.9027525
12, 5, 8.36393, 10.9046, 19.26853, 3.22829, 4.67404, 7.902329999999999, 0.9839204, 4.27378125, 6.037115
12, 6, 8.06342, 10.6115, 18.67492, 3.09825, 4.62252, 7.72077, 0.9766958333333333, 4.1061775, 5.9489575
12, 7, 8.01846, 10.317, 18.335459999999998, 3.08833, 4.65074, 7.73907, 0.9790338571428572, 4.0906375, 5.940365
12, 8, 7.89225, 10.2132, 18.10545, 3.17358, 4.86885, 8.04243, 0.98425775, 4.16011125, 6.1455
12, 9, 7.71164, 10.036, 17.74764, 3.22356, 5.04731, 8.27087, 0.9893521111111111, 4.187515, 6.301810000000001
12, 10, 7.5444, 9.65468, 17.199080000000002, 3.21112, 4.93582, 8.14694, 0.9722227, 4.154170000000001, 6.1426549999999995
12, 11, 7.44942, 9.47915, 16.92857, 3.3376, 5.03798, 8.37558, 0.966121909090909, 4.268777500000001, 6.22287375
12, 12, 7.0315, 8.88517, 15.91667, 3.33525, 5.28628, 8.62153, 0.9811132499999999, 4.2141874999999995, 6.39692625
12, 13, 6.92964, 8.7048, 15.634440000000001, 3.40187, 5.27459, 8.67646, 0.9720769230769231, 4.2680750000000005, 6.36269
12, 14, 6.92561, 8.7411, 15.666709999999998, 3.23276, 5.02606, 8.25882, 0.9493236428571429, 4.09846125, 6.1186975
12, 15, 6.77462, 8.47372, 15.248339999999999, 3.24677, 4.92648, 8.17325, 0.9731728666666667, 4.0935975000000004, 5.985695
12, 16, 6.67906, 8.22914, 14.908199999999999, 3.16851, 4.73499, 7.903499999999999, 0.9644791875, 4.0033925, 5.7636325

13, 1, 10.1455, 13.1019, 23.2474, 2.66354, 3.71653, 6.38007, 1.0, 3.9317275, 5.354267500000001
13, 2, 9.2051, 11.9545, 21.159599999999998, 2.84476, 3.93071, 6.77547, 0.9923655, 3.9953975, 5.4250225
13, 3, 8.92501, 11.7115, 20.63651, 3.06469, 4.26391, 7.3286, 0.9882206666666667, 4.180316250000001, 5.7278475
13, 4, 8.70452, 11.4794, 20.18392, 3.08238, 4.45515, 7.53753, 0.98399875, 4.170445, 5.8900749999999995
13, 5, 8.5333, 11.1158, 19.6491, 3.20578, 4.73199, 7.9377699999999995, 0.9832686, 4.2724425, 6.121465
13, 6, 8.1468, 10.7506, 18.8974, 3.10822, 4.68945, 7.79767, 0.9759111666666667, 4.12657, 6.033275
13, 7, 8.07747, 10.3756, 18.45307, 3.0936, 4.67718, 7.77078, 0.9776094285714285, 4.10328375, 5.97413
13, 8, 7.91426, 10.1905, 18.10476, 3.22318, 4.92967, 8.15285, 0.981050875, 4.2124625, 6.2034825
13, 9, 7.57139, 9.8581, 17.42949, 3.33784, 5.0959, 8.43374, 0.9882053333333334, 4.28426375, 6.3281625
13, 10, 7.3956, 9.32788, 16.723480000000002, 3.33141, 5.03395, 8.365359999999999, 0.9720416999999999, 4.25586, 6.199935
13, 11, 7.26344, 9.13544, 16.39888, 3.46952, 5.1502, 8.619720000000001, 0.9663656363636364, 4.3774500000000005, 6.29213
13, 12, 6.82652, 8.55718, 15.383700000000001, 3.46679, 5.45244, 8.91923, 0.9807695000000001, 4.320105, 6.5220875000000005
13, 13, 6.84316, 8.54548, 15.388639999999999, 3.46155, 5.24651, 8.70806, 0.9704711538461539, 4.316945, 6.3146949999999995
13, 14, 6.74814, 8.39023, 15.138370000000002, 3.31122, 5.02231, 8.33353, 0.9511984285714286, 4.1547375, 6.07108875
13, 15, 6.63792, 8.18399, 14.821909999999999, 3.30955, 4.95035, 8.2599, 0.9714072, 4.13929, 5.97334875
13, 16, 6.62485, 8.06404, 14.68889, 3.18232, 4.66596, 7.84828, 0.9617658125, 4.01042625, 5.673965

14, 1, 10.0526, 13.0471, 23.0997, 2.69045, 3.71951, 6.40996, 1.0, 3.947025, 5.3503975
14, 2, 9.32203, 12.0874, 21.40943, 2.67937, 3.86782, 6.5471900000000005, 0.9918575, 3.8446237500000002, 5.378745
14, 3, 9.1856, 11.8957, 21.0813, 2.90609, 4.18115, 7.0872399999999995, 0.987102, 4.05429, 5.668112499999999
14, 4, 8.8564, 11.6149, 20.4713, 2.81728, 4.28206, 7.09934, 0.97992125, 3.92433, 5.7339225
14, 5, 8.52944, 11.084, 19.613439999999997, 3.09247, 4.7264, 7.81887, 0.9801662, 4.15865, 6.1119
14, 6, 8.13384, 10.6418, 18.77564, 3.02347, 4.70819, 7.73166, 0.9794136666666667, 4.0402000000000005, 6.0384150000000005
14, 7, 7.84789, 10.0354, 17.88329, 3.05333, 4.73729, 7.79062, 0.9889021428571428, 4.03431625, 5.991714999999999
14, 8, 7.7831, 9.96478, 17.74788, 3.2959, 4.94368, 8.23958, 0.98123325, 4.2687875, 6.189277499999999
14, 9, 7.32881, 9.41761, 16.74642, 3.32057, 5.17571, 8.496279999999999, 0.9871537777777779, 4.23667125, 6.35291125
14, 10, 7.15571, 8.93092, 16.08663, 3.26258, 5.17497, 8.43755, 0.9663839, 4.15704375, 6.291335
14, 11, 6.95709, 8.62552, 15.582609999999999, 3.51885, 5.34941, 8.86826, 0.9597826363636363, 4.38848625, 6.4276
14, 12, 6.79665, 8.42443, 15.221079999999999, 3.44009, 5.58379, 9.02388, 0.9843019166666668, 4.28967125, 6.63684375
14, 13, 6.73607, 8.29335, 15.02942, 3.34629, 5.28446, 8.63075, 0.9705944615384615, 4.18829875, 6.32112875
14, 14, 6.61025, 8.22089, 14.831140000000001, 3.23055, 5.04205, 8.2726, 0.9647042142857142, 4.05683125, 6.069661249999999
14, 15, 6.59396, 8.10817, 14.70213, 3.29024, 4.96401, 8.254249999999999, 0.9763184666666667, 4.114485, 5.97753125
14, 16, 6.58593, 8.05932, 14.64525, 3.16586, 4.73688, 7.90274, 0.9554550625, 3.98910125, 5.744295

15, 1, 9.65235, 12.3268, 21.97915, 2.70255, 3.72013, 6.42268, 1.0, 3.9090937500000003, 5.26098
15, 2, 9.56324, 12.2631, 21.826340000000002, 2.67329, 3.82507, 6.49836, 0.992292, 3.868695, 5.3579575
15, 3, 9.21602, 11.9043, 21.12032, 2.95709, 4.20534, 7.16243, 0.9888956666666666, 4.1090925, 5.6933774999999995
15, 4, 8.84351, 11.4652, 20.308709999999998, 3.01446, 4.46007, 7.47453, 0.9814345, 4.11989875, 5.8932199999999995
15, 5, 8.37324, 10.7391, 19.11234, 3.21309, 4.82733, 8.04042, 0.9648332, 4.259745, 6.1697175
15, 6, 7.80765, 9.97883, 17.78648, 3.2674, 4.90995, 8.17735, 0.981167, 4.24335625, 6.1573037500000005
15, 7, 7.78916, 9.76763, 17.55679, 3.14194, 4.84831, 7.99025, 0.9871464285714285, 4.115585, 6.069263749999999
15, 8, 7.27907, 9.0587, 16.33777, 3.32798, 5.02253, 8.35051, 0.98252625, 4.23786375, 6.1548675
15, 9, 7.27132, 9.01367, 16.28499, 3.368, 5.22313, 8.59113, 0.9841526666666667, 4.276915, 6.34983875
15, 10, 7.06633, 8.5665, 15.632829999999998, 3.36427, 5.29628, 8.66055, 0.9714411000000001, 4.2475612499999995, 6.3670925
15, 11, 6.84821, 8.2813, 15.12951, 3.51741, 5.41074, 8.928149999999999, 0.9686585454545454, 4.37343625, 6.4459025
15, 12, 6.78235, 8.24125, 15.023600000000002, 3.3312, 5.28616, 8.61736, 0.96878575, 4.17899375, 6.31631625
15, 13, 6.77765, 8.20674, 14.984390000000001, 3.28727, 5.12309, 8.41036, 0.9627302307692307, 4.13447625, 6.148932500000001
15, 14, 6.84329, 8.30112, 15.144409999999999, 3.16845, 5.05226, 8.22071, 0.9622689285714285, 4.0238612499999995, 6.0899
15, 15, 6.7676, 8.12733, 14.89493, 3.27684, 4.96637, 8.243210000000001, 0.9758403333333334, 4.12279, 5.9822862500000005
15, 16, 6.68657, 8.06942, 14.755989999999999, 2.9731, 4.59757, 7.57067, 0.9488853125, 3.80892125, 5.6062475

16, 1, 9.8091, 12.695, 22.5041, 2.68588, 3.71486, 6.40074, 1.0, 3.9120175, 5.301735
16, 2, 9.69071, 12.5588, 22.24951, 2.7741, 3.96373, 6.73783, 0.991425, 3.9854387499999997, 5.53358
16, 3, 9.13738, 11.919, 21.05638, 3.03216, 4.29431, 7.3264700000000005, 0.9870856666666666, 4.1743325, 5.784185000000001
16, 4, 8.72425, 11.3623, 20.08655, 3.1004, 4.5135, 7.613899999999999, 0.9818015, 4.19093125, 5.933787499999999
16, 5, 8.2338, 10.5597, 18.7935, 3.31822, 4.9929, 8.311119999999999, 0.9649682, 4.3474450000000004, 6.3128625
16, 6, 7.7363, 9.89305, 17.629350000000002, 3.28191, 4.9655, 8.247409999999999, 0.9807711666666666, 4.2489475, 6.20213125
16, 7, 7.4866, 9.34161, 16.82821, 3.25573, 4.9434, 8.19913, 0.9852991428571428, 4.191555, 6.111101249999999
16, 8, 7.19629, 8.86786, 16.06415, 3.31244, 5.06059, 8.37303, 0.979729375, 4.21197625, 6.1690725
16, 9, 7.10507, 8.76121, 15.86628, 3.48937, 5.36204, 8.851410000000001, 0.9844013333333334, 4.37750375, 6.45719125
16, 10, 6.97903, 8.5069, 15.48593, 3.28607, 5.20998, 8.49605, 0.9718055, 4.15844875, 6.2733425
16, 11, 6.95851, 8.43915, 15.39766, 3.46485, 5.36295, 8.8278, 0.9686524545454546, 4.334663750000001, 6.417843749999999
16, 12, 6.92368, 8.47203, 15.395710000000001, 3.24918, 5.1906, 8.439779999999999, 0.9724724166666667, 4.11464, 6.24960375
16, 13, 6.94057, 8.45822, 15.398790000000002, 3.26422, 5.03789, 8.302109999999999, 0.9598376923076923, 4.13179125, 6.0951675000000005
16, 14, 6.94651, 8.4528, 15.39931, 3.20407, 5.02434, 8.22841, 0.9603069285714286, 4.07238375, 6.08094
16, 15, 6.93876, 8.39864, 15.3374, 3.16764, 4.93708, 8.10472, 0.9745016, 4.034985, 5.98691
16, 16, 6.86167, 8.35282, 15.21449, 2.98302, 4.57586, 7.558879999999999, 0.9477885, 3.84072875, 5.6199625
