branchFactor, leafSize, nodeIntersections, shadowNodeIntersections, allNodeIntersections, leafIntersections, shadowLeafIntersections, allLeafIntersections, leafFullness, cost, shadowCost

2, 1, 76.951, 37.4649, 114.4159, 4.38616, 2.39372, 6.77988, 1.0, 14.005035, 7.0768325
2, 2, 72.3294, 34.3618, 106.69120000000001, 4.86136, 3.12993, 7.99129, 0.99785, 13.902535, 7.425155
2, 3, 70.0233, 33.9311, 103.9544, 5.56779, 4.12523, 9.69302, 0.9944443333333334, 14.3207025, 8.3666175
2, 4, 68.5761, 32.6538, 101.22989999999999, 5.61006, 3.94492, 9.55498, 0.99468575, 14.1820725, 8.026645
2, 5, 69.6739, 31.6905, 101.3644, 5.87224, 4.22019, 10.09243, 0.9948992000000001, 14.5814775, 8.1815025
2, 6, 68.6145, 31.1078, 99.7223, 5.69324, 3.92627, 9.61951, 0.9910068333333334, 14.270052500000002, 7.814745
2, 7, 67.2899, 30.1835, 97.4734, 5.71614, 4.12794, 9.84408, 0.9891352857142858, 14.127377500000001, 7.9008775
2, 8, 67.673, 29.7743, 97.4473, 5.60448, 3.71764, 9.32212, 0.989670125, 14.063604999999999, 7.4394275
2, 9, 66.8567, 29.508, 96.3647, 5.39148, 4.26345, 9.65493, 0.9905941111111112, 13.7485675, 7.95195
2, 10, 66.5425, 28.4873, 95.02980000000001, 5.19769, 3.70027, 8.89796, 0.9881384000000001, 13.5155025, 7.2611825
2, 11, 65.9174, 28.7462, 94.6636, 5.29027, 4.13227, 9.42254, 0.9932827272727273, 13.529945, 7.725545
2, 12, 65.7303, 27.9042, 93.6345, 5.81329, 3.78016, 9.59345, 0.9874319166666666, 14.0295775, 7.268185
2, 13, 64.9031, 28.245, 93.1481, 5.49465, 4.06643, 9.56108, 0.9868961538461539, 13.6075375, 7.597055000000001
2, 14, 65.356, 27.8347, 93.19069999999999, 5.39694, 3.94016, 9.3371, 0.975206, 13.56644, 7.4194975
2, 15, 64.5194, 27.6775, 92.1969, 5.70033, 4.23557, 9.9359, 0.9852623333333334, 13.765255, 7.6952575
2, 16, 64.8822, 27.5019, 92.38409999999999, 5.49014, 3.74477, 9.23491, 0.9754126875, 13.600415, 7.1825075

3, 1, 55.313, 24.6219, 79.9349, 4.41804, 2.39206, 6.8101, 1.0, 11.332165, 5.4697975
3, 2, 51.1648, 22.4422, 73.607, 5.01907, 3.12993, 8.149000000000001, 0.9978805, 11.414670000000001, 5.935205
3, 3, 49.6454, 22.4883, 72.1337, 5.77497, 4.13576, 9.910730000000001, 0.995072, 11.980644999999999, 6.946797500000001
3, 4, 48.8573, 21.4621, 70.3194, 5.66648, 3.94492, 9.6114, 0.99465025, 11.773642500000001, 6.627682500000001
3, 5, 49.9631, 20.9526, 70.9157, 5.90999, 4.23288, 10.142869999999998, 0.9947768, 12.1553775, 6.851955
3, 6, 49.263, 20.5466, 69.8096, 5.74307, 3.92468, 9.66775, 0.9917211666666667, 11.900945, 6.493005
3, 7, 47.8557, 19.8205, 67.6762, 5.76264, 4.12794, 9.89058, 0.989191, 11.7446025, 6.6055025
3, 8, 48.3585, 19.5526, 67.9111, 5.67655, 3.71184, 9.38839, 0.98973125, 11.7213625, 6.155915
3, 9, 47.6662, 19.4863, 67.1525, 5.43279, 4.26345, 9.69624, 0.9906196666666668, 11.391065000000001, 6.6992375
3, 10, 47.6778, 18.7486, 66.4264, 5.24015, 3.70027, 8.94042, 0.9881857000000001, 11.199874999999999, 6.043845
3, 11, 47.3368, 18.988, 66.3248, 5.33107, 4.13221, 9.463280000000001, 0.993302, 11.24817, 6.50571
3, 12, 47.1353, 18.2984, 65.4337, 5.85541, 3.78016, 9.63557, 0.9874919166666666, 11.7473225, 6.0674600000000005
3, 13, 46.7527, 18.5709, 65.3236, 5.52884, 4.06643, 9.59527, 0.98694, 11.3729275, 6.387792500000001
3, 14, 47.0891, 18.2849, 65.374, 5.44008, 3.94016, 9.38024, 0.9753248571428571, 11.3262175, 6.2257725
3, 15, 46.506, 18.3794, 64.8854, 5.73709, 4.23557, 9.972660000000001, 0.9853128666666666, 11.55034, 6.532995
3, 16, 46.7233, 18.1675, 64.8908, 5.5293, 3.74476, 9.27406, 0.9750935, 11.3697125, 6.0156975

4, 1, 46.0524, 19.4265, 65.4789, 4.55648, 2.39377, 6.95025, 1.0, 10.31303, 4.8220825000000005
4, 2, 42.4296, 18.306, 60.735600000000005, 5.58103, 3.14334, 8.72437, 0.9978695, 10.884730000000001, 5.43159
4, 3, 41.2351, 18.2686, 59.5037, 5.82197, 4.12523, 9.9472, 0.9944609999999999, 10.9763575, 6.408805
4, 4, 40.7517, 17.5741, 58.3258, 5.69823, 3.95623, 9.65446, 0.99422075, 10.792192499999999, 6.1529925
4, 5, 42.9846, 17.0104, 59.995000000000005, 5.96236, 4.22019, 10.182549999999999, 0.994937, 11.335435, 6.346489999999999
4, 6, 42.2208, 16.834, 59.0548, 5.78713, 3.92623, 9.71336, 0.9910009999999999, 11.06473, 6.03048
4, 7, 40.7897, 16.2666, 57.05630000000001, 5.80663, 4.12794, 9.93457, 0.9892055714285714, 10.9053425, 6.161265
4, 8, 41.5751, 16.1421, 57.7172, 5.72073, 3.71184, 9.43257, 0.989703, 10.917617499999999, 5.7296025
4, 9, 40.8396, 15.9337, 56.7733, 5.47472, 4.26345, 9.73817, 0.9906712222222223, 10.57967, 6.2551625
4, 10, 40.9456, 15.0177, 55.9633, 5.27075, 3.70027, 8.97102, 0.9882275999999999, 10.38895, 5.5774825
4, 11, 40.718, 15.6938, 56.4118, 5.36357, 4.13221, 9.49578, 0.9933252727272727, 10.453320000000001, 6.093935
4, 12, 40.2457, 15.0571, 55.3028, 5.8925, 3.78016, 9.67266, 0.9875345833333333, 10.9232125, 5.6622975
4, 13, 38.8766, 15.067, 53.9436, 5.55999, 4.06642, 9.62641, 0.9869712307692308, 10.419565, 5.949795
4, 14, 40.2375, 14.9745, 55.211999999999996, 5.47865, 3.94016, 9.41881, 0.9753745, 10.5083375, 5.8119725
4, 15, 39.7381, 14.7026, 54.44070000000001, 5.78839, 4.23557, 10.023959999999999, 0.985226, 10.7556525, 6.073395
4, 16, 40.1436, 14.6003, 54.7439, 5.56436, 3.74476, 9.30912, 0.975047625, 10.58231, 5.5697975

5, 1, 41.4765, 17.3422, 58.8187, 4.70392, 2.39372, 7.09764, 1.0, 9.8884825, 4.561495
5, 2, 38.2789, 16.0254, 54.3043, 5.60871, 3.14334, 8.75205, 0.9979105, 10.393572500000001, 5.146515
5, 3, 37.0826, 16.1998, 53.282399999999996, 5.86307, 4.12523, 9.988299999999999, 0.994468, 10.498394999999999, 6.150205
5, 4, 36.4693, 15.4244, 51.893699999999995, 5.73306, 3.94991, 9.682970000000001, 0.99422775, 10.291722499999999, 5.87796
5, 5, 36.9936, 15.2109, 52.2045, 6.00131, 4.22019, 10.221499999999999, 0.994938, 10.62551, 6.1215525
5, 6, 36.4705, 14.9728, 51.4433, 5.81855, 3.92623, 9.74478, 0.991032, 10.3773625, 5.797829999999999
5, 7, 35.5819, 14.477, 50.058899999999994, 5.821, 4.12794, 9.94894, 0.9892327142857144, 10.2687375, 5.937564999999999
5, 8, 35.8093, 14.211, 50.0203, 5.73683, 3.71184, 9.44867, 0.989733125, 10.2129925, 5.488215
5, 9, 35.7525, 13.9323, 49.684799999999996, 5.5009, 4.26345, 9.76435, 0.9906467777777777, 9.9699625, 6.0049874999999995
5, 10, 35.1746, 13.1996, 48.3742, 5.30093, 3.70027, 9.0012, 0.9882716, 9.697755, 5.35022
5, 11, 34.9571, 13.7885, 48.745599999999996, 5.39563, 4.13219, 9.527819999999998, 0.9933452727272727, 9.7652675, 5.8557524999999995
5, 12, 34.9769, 13.1009, 48.077799999999996, 5.92618, 3.78015, 9.70633, 0.9875859166666667, 10.298292499999999, 5.4177625
5, 13, 34.6197, 13.1117, 47.7314, 5.59697, 4.06642, 9.66339, 0.9870047692307692, 9.9244325, 5.7053825
5, 14, 35.0055, 13.1687, 48.1742, 5.50329, 3.94016, 9.44345, 0.9754652142857143, 9.8789775, 5.5862475
5, 15, 33.9901, 13.0372, 47.0273, 5.81168, 4.23557, 10.04725, 0.9853572666666667, 10.0604425, 5.86522
5, 16, 34.7556, 12.8751, 47.630700000000004, 5.61078, 3.74481, 9.35559, 0.97556875, 9.95523, 5.3541975

6, 1, 38.2321, 15.8764, 54.10850000000001, 5.28028, 2.39377, 7.67405, 1.0, 10.059292500000002, 4.37832
6, 2, 35.4535, 14.7975, 50.251, 5.63661, 3.14334, 8.77995, 0.997887, 10.0682975, 4.9930275
6, 3, 34.3373, 14.9452, 49.2825, 5.90707, 4.12523, 10.0323, 0.9944983333333334, 10.1992325, 5.99338
6, 4, 33.7763, 14.211, 47.9873, 5.77487, 3.94991, 9.724779999999999, 0.99419775, 9.996907499999999, 5.726285
6, 5, 34.3443, 14.0807, 48.425, 6.02956, 4.22019, 10.249749999999999, 0.994946, 10.3225975, 5.9802775
6, 6, 33.896, 13.6763, 47.5723, 5.84764, 3.92623, 9.77387, 0.9910503333333334, 10.08464, 5.6357675
6, 7, 33.073, 13.3096, 46.3826, 5.84477, 4.12794, 9.97271, 0.9892808571428572, 9.978895, 5.791639999999999
6, 8, 33.5761, 13.0678, 46.643899999999995, 5.78262, 3.71184, 9.49446, 0.989793625, 9.9796325, 5.345315
6, 9, 32.8892, 12.8265, 45.7157, 5.5528, 4.26345, 9.81625, 0.9907308888888888, 9.66395, 5.8667625
6, 10, 32.6428, 11.9988, 44.6416, 5.33808, 3.70027, 9.03835, 0.9883252, 9.41843, 5.20012
6, 11, 32.2668, 12.375, 44.6418, 5.43599, 4.13221, 9.568200000000001, 0.9933601818181818, 9.46934, 5.679085
6, 12, 32.3016, 12.0371, 44.3387, 5.95049, 3.78015, 9.730640000000001, 0.9876263333333334, 9.98819, 5.2847875
6, 13, 31.7293, 12.0403, 43.7696, 5.634, 4.06643, 9.70043, 0.9870403846153846, 9.6001625, 5.571467500000001
6, 14, 32.0039, 12.0861, 44.09, 5.55538, 3.94016, 9.49554, 0.9756002142857143, 9.555867500000002, 5.4509225
6, 15, 31.864, 11.8948, 43.7588, 5.85075, 4.23557, 10.08632, 0.9854297333333334, 9.83375, 5.72242
6, 16, 32.1103, 11.72, 43.8303, 5.6407, 3.74476, 9.38546, 0.975655625, 9.6544875, 5.20976

7, 1, 35.0651, 14.3326, 49.3977, 5.82706, 2.39208, 8.21914, 1.0, 10.2101975, 4.183655
7, 2, 32.7907, 13.3994, 46.1901, 5.62629, 3.12993, 8.756219999999999, 0.9980275, 9.7251275, 4.804855
7, 3, 31.6182, 13.6177, 45.2359, 5.93154, 4.13576, 10.0673, 0.9951566666666666, 9.883815, 5.8379725
7, 4, 31.027, 12.7456, 43.7726, 5.80495, 3.94492, 9.74987, 0.9945515, 9.683325, 5.53812
7, 5, 31.5713, 12.3265, 43.897800000000004, 6.06418, 4.23287, 10.29705, 0.9948332000000001, 10.010592500000001, 5.7736825
7, 6, 31.2746, 12.1929, 43.4675, 5.90611, 3.92502, 9.83113, 0.9918653333333333, 9.815435, 5.4491325
7, 7, 30.2246, 11.9075, 42.1321, 5.91572, 4.12794, 10.04366, 0.9892388571428572, 9.693795, 5.6163775
7, 8, 30.5604, 11.8001, 42.3605, 5.83496, 3.71149, 9.54645, 0.98981475, 9.65501, 5.1865025
7, 9, 30.1591, 11.3582, 41.5173, 5.58379, 4.26345, 9.84724, 0.9907331111111112, 9.3536775, 5.683225
7, 10, 30.0467, 10.815, 40.8617, 5.3486, 3.70027, 9.04887, 0.9883501000000001, 9.1044375, 5.052145
7, 11, 29.6907, 11.5443, 41.235, 5.45545, 4.13226, 9.58771, 0.9933540000000001, 9.1667875, 5.5752975
7, 12, 29.9129, 11.0446, 40.9575, 5.94692, 3.78015, 9.727070000000001, 0.9875935, 9.6860325, 5.160725
7, 13, 29.4121, 11.2586, 40.6707, 5.65117, 4.06642, 9.71759, 0.9870776923076924, 9.3276825, 5.473745
7, 14, 29.6834, 11.0103, 40.6937, 5.56096, 3.94016, 9.50112, 0.9755677142857142, 9.271384999999999, 5.316447500000001
7, 15, 29.148, 11.0208, 40.1688, 5.86615, 4.23557, 10.10172, 0.9854431333333333, 9.50965, 5.61317
7, 16, 29.3816, 10.6378, 40.0194, 5.63692, 3.74476, 9.38168, 0.9752495, 9.309619999999999, 5.074485

8, 1, 33.1554, 13.0255, 46.1809, 5.81958, 2.39207, 8.21165, 1.0, 9.964005, 4.0202575
8, 2, 30.6675, 11.9594, 42.6269, 5.67057, 3.12993, 8.8005, 0.9979975, 9.5040075, 4.624855
8, 3, 29.4362, 12.11, 41.5462, 5.99757, 4.13576, 10.13333, 0.9951536666666666, 9.677095, 5.64951
8, 4, 29.0315, 11.277, 40.3085, 5.84976, 3.94492, 9.79468, 0.9945565, 9.478697499999999, 5.354545
8, 5, 29.6441, 10.8993, 40.543400000000005, 6.08122, 4.23287, 10.31409, 0.9948072, 9.7867325, 5.5952825
8, 6, 29.3625, 10.9169, 40.2794, 5.88698, 3.92502, 9.812000000000001, 0.9918503333333333, 9.5572925, 5.2896325
8, 7, 28.3318, 10.6932, 39.025, 5.89609, 4.12794, 10.02403, 0.9891719999999999, 9.437565, 5.464589999999999
8, 8, 28.5605, 10.3451, 38.9056, 5.80588, 3.71184, 9.51772, 0.98977825, 9.3759425, 5.0049775
8, 9, 28.4223, 10.2137, 38.635999999999996, 5.5538, 4.26345, 9.81725, 0.990755, 9.1065875, 5.540162499999999
8, 10, 28.2438, 9.77528, 38.01908, 5.33587, 3.70027, 9.03614, 0.9883298999999999, 8.866344999999999, 4.92218
8, 11, 28.0217, 10.2767, 38.2984, 5.436, 4.13219, 9.56819, 0.9933538181818182, 8.9387125, 5.416777499999999
8, 12, 28.197, 9.86482, 38.06182, 5.95419, 3.78015, 9.73434, 0.98760525, 9.478814999999999, 5.0132525
8, 13, 27.543, 9.9812, 37.5242, 5.53497, 4.06642, 9.60139, 0.9870993076923077, 8.977845, 5.31407
8, 14, 27.7219, 9.70775, 37.42965, 5.58027, 3.94025, 9.52052, 0.9756666428571429, 9.0455075, 5.1537187499999995
8, 15, 27.1703, 9.63759, 36.80789, 5.91045, 4.23557, 10.14602, 0.9855647333333334, 9.3067375, 5.4402687499999995
8, 16, 27.5084, 9.28445, 36.79285, 5.68395, 3.74476, 9.42871, 0.975373875, 9.1225, 4.90531625

9, 1, 31.9062, 12.5613, 44.4675, 5.85771, 2.39208, 8.24979, 1.0, 9.845984999999999, 3.9622425
9, 2, 30.2307, 11.5453, 41.775999999999996, 5.70008, 3.12993, 8.83001, 0.9980425, 9.4789175, 4.5730925
9, 3, 28.5179, 11.9225, 40.4404, 5.98342, 4.13576, 10.11918, 0.9951176666666667, 9.5481575, 5.6260725
9, 4, 29.0791, 10.9076, 39.9867, 5.82939, 3.94492, 9.77431, 0.99458575, 9.4642775, 5.30837
9, 5, 29.4396, 10.72, 40.1596, 6.07242, 4.23287, 10.30529, 0.9948332000000001, 9.752369999999999, 5.57287
9, 6, 29.0075, 10.5576, 39.5651, 5.90235, 3.92487, 9.82722, 0.9918619999999999, 9.528287500000001, 5.2445699999999995
9, 7, 27.6528, 10.3215, 37.9743, 5.91344, 4.12794, 10.04138, 0.9891745714285715, 9.37004, 5.4181275
9, 8, 27.8515, 9.80664, 37.65814, 5.82667, 3.71149, 9.53816, 0.989777875, 9.3081075, 4.93732
9, 9, 28.0044, 9.80071, 37.80511, 5.58982, 4.26345, 9.853269999999998, 0.9907418888888889, 9.09037, 5.48853875
9, 10, 27.469, 9.37188, 36.84088, 5.37592, 3.70025, 9.07617, 0.9883412, 8.809545, 4.871735
9, 11, 27.1732, 9.67182, 36.845020000000005, 5.4802, 4.13219, 9.61239, 0.9933257272727274, 8.876850000000001, 5.341167499999999
9, 12, 26.6049, 9.38081, 35.98571, 6.01598, 3.78015, 9.79613, 0.9876845833333333, 9.3415925, 4.95275125
9, 13, 26.8028, 9.57599, 36.37879, 5.55395, 4.06642, 9.620370000000001, 0.9871250769230768, 8.904300000000001, 5.26341875
9, 14, 27.0627, 9.24101, 36.303709999999995, 5.60518, 3.94016, 9.54534, 0.975699642857143, 8.9880175, 5.09528625
9, 15, 26.5285, 9.34961, 35.87811, 5.92867, 4.23557, 10.16424, 0.9856012666666667, 9.244732500000001, 5.40427125
9, 16, 26.7719, 8.76621, 35.538109999999996, 5.69776, 3.7448, 9.44256, 0.975392875, 9.044247499999999, 4.84057625

10, 1, 31.0748, 12.1542, 43.229, 5.89237, 2.39208, 8.28445, 1.0, 9.77672, 3.911355
10, 2, 29.0663, 11.321, 40.387299999999996, 5.70024, 3.12995, 8.83019, 0.99805, 9.333527499999999, 4.545075
10, 3, 28.377, 11.5129, 39.8899, 5.96757, 4.13576, 10.10333, 0.995119, 9.514695, 5.574872500000001
10, 4, 27.9011, 10.6307, 38.5318, 5.83469, 3.94492, 9.77961, 0.994721, 9.3223275, 5.2737575
10, 5, 28.1977, 10.4508, 38.6485, 6.11036, 4.23287, 10.34323, 0.9948518, 9.6350725, 5.53922
10, 6, 27.7621, 10.2272, 37.9893, 5.95516, 3.92468, 9.87984, 0.9919151666666667, 9.4254225, 5.20308
10, 7, 26.8866, 9.93735, 36.82395, 5.96828, 4.12794, 10.096219999999999, 0.9892112857142857, 9.329105, 5.37010875
10, 8, 27.0218, 9.68667, 36.70847, 5.87386, 3.71149, 9.58535, 0.989833125, 9.251584999999999, 4.92232375
10, 9, 26.9104, 9.57084, 36.48124, 5.63969, 4.26345, 9.90314, 0.9908098888888889, 9.00349, 5.459804999999999
10, 10, 26.7095, 9.12606, 35.83556, 5.4154, 3.70027, 9.11567, 0.9883941, 8.7540875, 4.8410275
10, 11, 26.3665, 9.52334, 35.88984, 5.52247, 4.13219, 9.65466, 0.9933602727272728, 8.8182825, 5.322607499999999
10, 12, 26.3193, 9.01409, 35.333389999999994, 6.04846, 3.78015, 9.828610000000001, 0.9877231666666666, 9.3383725, 4.90691125
10, 13, 26.1288, 9.34294, 35.47174, 5.7039, 4.06643, 9.770330000000001, 0.9871469230769231, 8.969999999999999, 5.2342975
10, 14, 26.2763, 8.91364, 35.18994, 5.62415, 3.94016, 9.56431, 0.9757266428571428, 8.9086875, 5.054365
10, 15, 25.929, 9.11217, 35.04117, 5.93783, 4.23557, 10.1734, 0.985491, 9.178955, 5.37459125
10, 16, 26.199, 8.67391, 34.872910000000005, 5.69633, 3.7448, 9.44113, 0.9757265625, 8.971205, 4.8290387500000005

11, 1, 30.7256, 11.9096, 42.6352, 5.92001, 2.39208, 8.312090000000001, 1.0, 9.76071, 3.8807799999999997
11, 2, 28.7247, 10.9261, 39.6508, 5.71042, 3.12995, 8.84037, 0.9980545, 9.3010075, 4.4957125
11, 3, 27.8586, 11.0857, 38.9443, 6.00144, 4.13576, 10.1372, 0.995143, 9.483765, 5.5214725
11, 4, 27.0372, 10.1151, 37.1523, 5.89992, 3.94492, 9.84484, 0.994746, 9.27957, 5.2093075
11, 5, 27.6025, 10.0826, 37.6851, 6.1819, 4.23287, 10.41477, 0.9949036, 9.6322125, 5.493195
11, 6, 27.222, 9.84624, 37.06824, 6.01251, 3.92468, 9.93719, 0.9918631666666666, 9.41526, 5.15546
11, 7, 26.4085, 9.53245, 35.94095, 6.017, 4.12794, 10.14494, 0.9892641428571428, 9.3180625, 5.31949625
11, 8, 26.4904, 9.52628, 36.01668, 5.91004, 3.71149, 9.62153, 0.989866125, 9.221340000000001, 4.9022749999999995
11, 9, 26.5208, 9.5243, 36.045100000000005, 5.64378, 4.26345, 9.907229999999998, 0.9908162222222222, 8.95888, 5.4539875
11, 10, 26.3316, 9.08285, 35.41445, 5.41909, 3.70027, 9.11936, 0.9883945000000001, 8.71054, 4.835626250000001
11, 11, 26.1453, 9.42322, 35.56852, 5.49426, 4.13219, 9.626449999999998, 0.9932807272727273, 8.7624225, 5.3100925
11, 12, 26.0094, 8.95542, 34.96482, 6.04566, 3.78015, 9.82581, 0.9876599166666667, 9.296835, 4.8995774999999995
11, 13, 25.9332, 8.98702, 34.92022, 5.68488, 4.06643, 9.75131, 0.9871058461538461, 8.92653, 5.189807500000001
11, 14, 25.9926, 8.86482, 34.85742, 5.62932, 3.94016, 9.56948, 0.9757315, 8.878395, 5.0482625
11, 15, 25.6945, 9.08159, 34.77609, 5.92141, 4.23557, 10.15698, 0.9854527999999999, 9.1332225, 5.37076875
11, 16, 26.0034, 8.6849, 34.6883, 5.66924, 3.74477, 9.414010000000001, 0.975793875, 8.919665, 4.8303825

12, 1, 30.4271, 11.6029, 42.03, 5.90888, 2.39208, 8.30096, 1.0, 9.7122675, 3.8424424999999998
12, 2, 28.0886, 10.5658, 38.654399999999995, 5.75982, 3.12993, 8.88975, 0.998072, 9.270895, 4.450654999999999
12, 3, 27.2578, 10.505, 37.7628, 6.08618, 4.13576, 10.22194, 0.9951876666666667, 9.493405, 5.448885000000001
12, 4, 26.5507, 9.79346, 36.34416, 5.96533, 3.94492, 9.91025, 0.99474375, 9.284167499999999, 5.1691025
12, 5, 27.1158, 9.78812, 36.90392, 6.2036, 4.23287, 10.43647, 0.9948741999999999, 9.593074999999999, 5.456385
12, 6, 26.7396, 9.64461, 36.384209999999996, 6.00429, 3.92468, 9.92897, 0.9918386666666666, 9.34674, 5.13025625
12, 7, 26.115, 9.40853, 35.52353, 5.99361, 4.12794, 10.12155, 0.9893787142857143, 9.257985, 5.30400625
12, 8, 26.3099, 9.25585, 35.56575, 5.86905, 3.71149, 9.58054, 0.989823, 9.1577875, 4.86847125
12, 9, 26.2259, 9.39588, 35.62178, 5.61936, 4.26345, 9.88281, 0.9908078888888888, 8.8975975, 5.4379349999999995
12, 10, 26.0964, 8.98157, 35.07797, 5.40187, 3.70027, 9.10214, 0.9883086999999999, 8.66392, 4.82296625
12, 11, 25.8472, 9.174, 35.0212, 5.47488, 4.13219, 9.60707, 0.9932645454545455, 8.70578, 5.2789399999999995
12, 12, 25.7821, 8.86413, 34.64623, 6.01024, 3.78015, 9.790389999999999, 0.9876151666666666, 9.2330025, 4.888166249999999
12, 13, 25.4845, 8.69386, 34.17836, 5.70007, 4.06643, 9.7665, 0.987038076923077, 8.8856325, 5.1531625000000005
12, 14, 25.7383, 8.69593, 34.43423, 5.61184, 3.94016, 9.552, 0.9756391428571429, 8.8291275, 5.02715125
12, 15, 25.2456, 8.62511, 33.87071, 5.9096, 4.23557, 10.14517, 0.9854231333333333, 9.0653, 5.31370875
12, 16, 25.6481, 8.41495, 34.06305, 5.68591, 3.74477, 9.430679999999999, 0.97544175, 8.8919225, 4.79663875

13, 1, 29.9269, 11.3587, 41.2856, 5.92357, 2.39377, 8.31734, 1.0, 9.6644325, 3.8136075
13, 2, 27.2886, 10.1088, 37.3974, 5.83017, 3.12993, 8.9601, 0.9979795, 9.241245, 4.39353
13, 3, 26.3982, 10.1137, 36.5119, 6.14285, 4.12523, 10.268080000000001, 0.9945879999999999, 9.442625, 5.3894425
13, 4, 25.9305, 9.51216, 35.44266, 5.96823, 3.94492, 9.91315, 0.994632, 9.2095425, 5.13394
13, 5, 26.7768, 9.64083, 36.41763, 6.17483, 4.22019, 10.395019999999999, 0.9949236000000001, 9.521930000000001, 5.42529375
13, 6, 26.3223, 9.50189, 35.82419, 5.9704, 3.92608, 9.89648, 0.9911378333333333, 9.2606875, 5.113816249999999
13, 7, 25.6428, 9.28053, 34.92333, 5.9624, 4.12794, 10.09034, 0.989276, 9.16775, 5.28800625
13, 8, 25.8585, 9.09444, 34.95294, 5.821, 3.71764, 9.53864, 0.98979675, 9.0533125, 4.854445
13, 9, 25.8035, 9.00327, 34.80677, 5.59927, 4.26345, 9.86272, 0.9907972222222222, 8.824707499999999, 5.38885875
13, 10, 25.6901, 8.46844, 34.15854, 5.38843, 3.70027, 9.0887, 0.9882883, 8.5996925, 4.758825
13, 11, 25.4669, 9.01797, 34.48487, 5.4771, 4.13219, 9.60929, 0.9932901818181818, 8.6604625, 5.259436249999999
13, 12, 25.3001, 8.61609, 33.91619, 6.00357, 3.78015, 9.783719999999999, 0.9876101666666667, 9.1660825, 4.85716125
13, 13, 25.0495, 8.42739, 33.47689, 5.71501, 4.06643, 9.78144, 0.9870666153846154, 8.8461975, 5.119853750000001
13, 14, 25.2169, 8.29238, 33.50928, 5.62998, 3.94016, 9.57014, 0.9756577857142857, 8.7820925, 4.9767075
13, 15, 24.8268, 8.27423, 33.101029999999994, 5.9392, 4.23557, 10.174769999999999, 0.9853365333333334, 9.042549999999999, 5.2698487499999995
13, 16, 25.003, 8.02367, 33.026669999999996, 5.72352, 3.74477, 9.46829, 0.9755583125, 8.848894999999999, 4.74772875

14, 1, 28.9868, 10.8731, 39.859899999999996, 6.01605, 2.39377, 8.40982, 1.0, 9.6394, 3.7529075
14, 2, 26.7203, 9.83601, 36.55631, 5.82544, 3.12993, 8.95537, 0.9979385, 9.165477500000001, 4.35943125
14, 3, 26.1006, 10.0514, 36.152, 6.05803, 4.12523, 10.18326, 0.9945583333333333, 9.320605, 5.381655
14, 4, 25.8445, 9.42921, 35.27371, 5.88365, 3.94492, 9.828570000000001, 0.99459875, 9.1142125, 5.12357125
14, 5, 26.561, 9.5513, 36.1123, 6.12958, 4.22019, 10.34977, 0.9949584, 9.449705, 5.414102499999999
14, 6, 26.0694, 9.39184, 35.461240000000004, 5.96816, 3.92608, 9.89424, 0.9911676666666667, 9.226835000000001, 5.10006
14, 7, 25.1935, 9.10169, 34.29519, 5.99479, 4.12794, 10.12273, 0.989179, 9.1439775, 5.2656512499999995
14, 8, 25.3552, 8.92192, 34.27712, 5.84902, 3.71764, 9.56666, 0.98981625, 9.01842, 4.832879999999999
14, 9, 25.2509, 8.7649, 34.0158, 5.66022, 4.26345, 9.92367, 0.990872, 8.816582499999999, 5.3590625
14, 10, 25.1258, 8.1578, 33.2836, 5.47017, 3.70027, 9.170440000000001, 0.9883969, 8.610895000000001, 4.719995
14, 11, 24.3907, 8.65826, 33.04896, 5.6177, 4.13219, 9.74989, 0.9932230909090909, 8.6665375, 5.214472499999999
14, 12, 24.3486, 8.28257, 32.63117, 6.12407, 3.78015, 9.904219999999999, 0.9877760000000001, 9.167645, 4.81547125
14, 13, 24.2176, 8.04903, 32.26663, 5.82767, 4.06642, 9.89409, 0.987226076923077, 8.85487, 5.07254875
14, 14, 24.7905, 7.97777, 32.76827, 5.71893, 3.94025, 9.65918, 0.9759112857142858, 8.817742500000001, 4.93747125
14, 15, 24.0868, 7.75427, 31.841070000000002, 6.05421, 4.23557, 10.28978, 0.9855516666666666, 9.06506, 5.20485375
14, 16, 24.4801, 7.64913, 32.12923, 5.81151, 3.74481, 9.55632, 0.9757525, 8.871522500000001, 4.70095125

15, 1, 28.6532, 10.6176, 39.270799999999994, 6.0604, 2.39377, 8.45417, 1.0, 9.64205, 3.72097
15, 2, 26.6169, 9.73022, 36.347120000000004, 5.82086, 3.12993, 8.95079, 0.9980725, 9.1479725, 4.3462075
15, 3, 25.9562, 10.0824, 36.0386, 6.03521, 4.12523, 10.160440000000001, 0.9945546666666667, 9.279735, 5.38553
15, 4, 25.5163, 9.46057, 34.976870000000005, 5.89197, 3.94492, 9.83689, 0.99456275, 9.0815075, 5.12749125
15, 5, 26.1889, 9.58137, 35.77027, 6.13265, 4.22019, 10.35284, 0.9949388000000001, 9.4062625, 5.41786125
15, 6, 25.6634, 9.35926, 35.02266, 6.01025, 3.92608, 9.93633, 0.9912296666666666, 9.218175, 5.0959875
15, 7, 24.77, 9.01804, 33.788039999999995, 6.06915, 4.12794, 10.19709, 0.9892971428571429, 9.1654, 5.255195
15, 8, 24.8913, 8.83853, 33.72983, 5.93434, 3.71764, 9.65198, 0.989933375, 9.045752499999999, 4.82245625
15, 9, 24.6922, 8.64314, 33.33534, 5.71405, 4.26345, 9.9775, 0.9909106666666667, 8.800575, 5.3438425
15, 10, 24.519, 8.02859, 32.54759, 5.54022, 3.70025, 9.24047, 0.9884304, 8.605094999999999, 4.70382375
15, 11, 24.1363, 8.44824, 32.58454, 5.65204, 4.13219, 9.78423, 0.9932502727272727, 8.6690775, 5.188219999999999
15, 12, 24.0763, 7.88494, 31.96124, 6.17759, 3.78015, 9.957740000000001, 0.987838, 9.1871275, 4.7657675
15, 13, 23.9652, 7.75739, 31.72259, 5.85658, 4.06643, 9.923010000000001, 0.9872369999999999, 8.85223, 5.0361037500000005
15, 14, 24.2832, 7.81838, 32.10158, 5.74351, 3.94025, 9.68376, 0.9759438571428571, 8.77891, 4.9175474999999995
15, 15, 23.9162, 7.5982, 31.514400000000002, 6.0631, 4.23557, 10.298670000000001, 0.9856238666666666, 9.052625, 5.185345
15, 16, 24.1567, 7.50299, 31.65969, 5.8182, 3.74481, 9.56301, 0.9757751875, 8.837787500000001, 4.68268375

16, 1, 28.5337, 10.3169, 38.8506, 6.05766, 2.39377, 8.45143, 1.0, 9.6243725, 3.6833825
16, 2, 26.694, 9.72317, 36.41717, 5.78094, 3.12993, 8.91087, 0.998084, 9.11769, 4.345326249999999
16, 3, 25.9926, 10.007, 35.9996, 6.00789, 4.12523, 10.13312, 0.9945423333333333, 9.256965, 5.376105
16, 4, 25.4714, 9.3969, 34.8683, 5.90138, 3.94492, 9.8463, 0.99457025, 9.085305, 5.1195325
16, 5, 25.9164, 9.41615, 35.33255, 6.17854, 4.22019, 10.39873, 0.9949756000000001, 9.41809, 5.39720875
16, 6, 25.4433, 9.17019, 34.61349, 6.09815, 3.92608, 10.02423, 0.9913416666666667, 9.2785625, 5.0723537499999996
16, 7, 24.4272, 8.89031, 33.31751, 6.15375, 4.12794, 10.28169, 0.9892824285714286, 9.207149999999999, 5.23922875
16, 8, 24.556, 8.62781, 33.18381, 6.00223, 3.71764, 9.71987, 0.990009125, 9.07173, 4.79611625
16, 9, 24.3048, 8.42398, 32.72878, 5.79906, 4.26345, 10.06251, 0.9909903333333333, 8.83716, 5.3164475
16, 10, 24.2566, 7.84889, 32.105489999999996, 5.59026, 3.70025, 9.29051, 0.9885087, 8.622335, 4.68136125
16, 11, 23.9924, 7.99124, 31.98364, 5.68696, 4.13219, 9.81915, 0.9932459090909092, 8.68601, 5.131094999999999
16, 12, 24.0263, 7.67502, 31.70132, 6.18122, 3.78015, 9.961369999999999, 0.9878394166666666, 9.184507499999999, 4.7395274999999994
16, 13, 23.8076, 7.44984, 31.257440000000003, 5.86559, 4.06643, 9.932020000000001, 0.987291, 8.84154, 4.997660000000001
16, 14, 24.1615, 7.70631, 31.86781, 5.73949, 3.94025, 9.679739999999999, 0.9759922857142858, 8.7596775, 4.90353875
16, 15, 23.768, 7.53947, 31.307470000000002, 6.06154, 4.23557, 10.29711, 0.9856061333333332, 9.032540000000001, 5.17800375
16, 16, 24.0592, 7.41572, 31.47492, 5.82181, 3.7448, 9.56661, 0.9756084375, 8.82921, 4.671765000000001
